team_id,league_id,season,team_name,matches_played_total,matches_played_home,matches_played_away,wins_total,wins_home,wins_away,draws_total,draws_home,draws_away,losses_total,losses_home,losses_away,goals_for_total,goals_for_home,goals_for_away,goals_for_avg_total,goals_for_avg_home,goals_for_avg_away,goals_against_total,goals_against_home,goals_against_away,goals_against_avg_total,goals_against_avg_home,goals_against_avg_away,clean_sheets_total,clean_sheets_home,clean_sheets_away,failed_to_score_total,failed_to_score_home,failed_to_score_away,form,extracted_at
529,2,2024,Barcelona,14,7,7,9,5,4,2,2,0,3,0,3,43,24,19,3.1,3.4,2.7,24,7,17,1.7,1.0,2.4,4,3,1,0,0,0,LWWWWWWDWWWLDL,2025-07-27 14:09:22.512952
4626,2,2024,Hamrun Spartans,2,1,1,1,0,1,0,0,0,1,1,0,1,0,1,0.5,0.0,1.0,1,1,0,0.5,1.0,0.0,1,0,1,1,1,0,LW,2025-07-27 14:09:22.513035
530,2,2024,Atletico Madrid,10,5,5,7,4,3,0,0,0,3,1,2,22,9,13,2.2,1.8,2.6,14,6,8,1.4,1.2,1.6,2,1,1,1,0,1,WLLWWWWWLW,2025-07-27 14:09:22.513091
541,2,2024,Real Madrid,14,7,7,8,5,3,0,0,0,6,2,4,29,20,9,2.1,2.9,1.3,22,11,11,1.6,1.6,1.6,1,0,1,4,0,4,WLWLLWWWWWWLLL,2025-07-27 14:09:22.513156
547,2,2024,Girona,8,4,4,1,1,0,0,0,0,7,3,4,5,5,0,0.6,1.3,0.0,13,6,7,1.6,1.5,1.8,1,1,0,5,1,4,LLWLLLLL,2025-07-27 14:09:22.513224
550,2,2024,Shakhtar Donetsk,8,4,4,2,2,0,1,0,1,5,2,3,8,5,3,1.0,1.3,0.8,16,9,7,2.0,2.3,1.8,2,1,1,3,1,2,DLLWLLWL,2025-07-27 14:09:22.513296
40,2,2024,Liverpool,10,5,5,8,4,4,0,0,0,2,1,1,18,10,8,1.8,2.0,1.6,6,2,4,0.6,0.4,0.8,6,3,3,1,1,0,WWWWWWWLWL,2025-07-27 14:09:22.513382
42,2,2024,Arsenal,14,7,7,9,5,4,2,1,1,3,1,2,31,14,17,2.2,2.0,2.4,10,3,7,0.7,0.4,1.0,6,5,1,3,1,2,DWWLWWWWWDWWLL,2025-07-27 14:09:22.513463
556,2,2024,Qarabag,6,3,3,3,1,2,0,0,0,3,2,1,15,6,9,2.5,2.0,3.0,9,4,5,1.5,1.3,1.7,2,1,1,2,1,1,WWLWLL,2025-07-27 14:09:22.513542
559,2,2024,FCSB,6,3,3,3,1,2,2,1,1,1,1,0,16,7,9,2.7,2.3,3.0,6,4,2,1.0,1.3,0.7,2,1,1,0,0,0,WWDWDL,2025-07-27 14:09:22.513618
560,2,2024,Slavia Praha,4,2,2,3,2,1,0,0,0,1,0,1,6,5,1,1.5,2.5,0.5,4,2,2,1.0,1.0,1.0,1,0,1,1,0,1,WWLW,2025-07-27 14:09:22.513706
50,2,2024,Manchester City,10,5,5,3,2,1,2,2,0,5,1,4,21,13,8,2.1,2.6,1.6,20,7,13,2.0,1.4,2.6,3,2,1,2,1,1,DWWLDLLWLL,2025-07-27 14:09:22.513784
565,2,2024,BSC Young Boys,10,5,5,2,1,1,0,0,0,8,4,4,7,4,3,0.7,0.8,0.6,26,13,13,2.6,2.6,2.6,1,0,1,5,3,2,WWLLLLLLLL,2025-07-27 14:09:22.513864
566,2,2024,Ludogorets,6,3,3,3,2,1,0,0,0,3,1,2,9,7,2,1.5,2.3,0.7,11,8,3,1.8,2.7,1.0,1,1,0,2,0,2,WLWLWL,2025-07-27 14:09:22.513963
569,2,2024,Club Brugge KV,12,6,6,5,3,2,2,1,1,5,2,3,13,6,7,1.1,1.0,1.2,19,8,11,1.6,1.3,1.8,3,2,1,3,2,1,LWLWDWDLWWLL,2025-07-27 14:09:22.514051
571,2,2024,Red Bull Salzburg,12,6,6,3,1,2,2,1,1,7,4,3,13,4,9,1.1,0.7,1.5,32,15,17,2.7,2.5,2.8,1,0,1,5,3,2,WDWDLLLWLLLL,2025-07-27 14:09:22.514132
572,2,2024,Dynamo Kyiv,6,3,3,3,1,2,2,1,1,1,1,0,13,7,6,2.2,2.3,2.0,6,5,1,1.0,1.7,0.3,2,0,2,1,1,0,WWDWLD,2025-07-27 14:09:22.514204
573,2,2024,FK Partizan,2,1,1,0,0,0,0,0,0,2,1,1,2,0,2,1.0,0.0,2.0,9,3,6,4.5,3.0,6.0,0,0,0,1,1,0,LL,2025-07-27 14:09:22.514295
4160,2,2024,Rīgas FS,4,2,2,2,1,1,0,0,0,2,1,1,8,4,4,2.0,2.0,2.0,7,3,4,1.8,1.5,2.0,2,1,1,1,0,1,WWLL,2025-07-27 14:09:22.514382
66,2,2024,Aston Villa,12,6,6,8,5,3,1,1,0,3,0,3,23,13,10,1.9,2.2,1.7,12,4,8,1.0,0.7,1.3,5,4,1,3,1,2,WWWLDWLWWWLW,2025-07-27 14:09:22.514469
79,2,2024,Lille,14,7,7,7,5,2,3,1,2,4,1,3,25,16,9,1.8,2.3,1.3,17,7,10,1.2,1.0,1.4,2,2,0,1,0,1,WDWLLWWDWWLWDL,2025-07-27 14:09:22.514552
85,2,2024,Paris Saint Germain,17,9,8,11,6,5,1,1,0,5,2,3,38,24,14,2.2,2.7,1.8,15,8,7,0.9,0.9,0.9,7,3,4,3,1,2,WLDLLWWWWWLWWLWWW,2025-07-27 14:09:22.514640
598,2,2024,FK Crvena Zvezda,10,5,5,3,2,1,0,0,0,7,3,4,16,12,4,1.6,2.4,0.8,24,11,13,2.4,2.2,2.6,2,1,1,1,0,1,LWLLLLWLLW,2025-07-27 14:09:22.514699
91,2,2024,Monaco,10,5,5,4,3,1,2,0,2,4,2,2,16,10,6,1.6,2.0,1.2,17,6,11,1.7,1.2,2.2,2,1,1,3,1,2,WDWWLLWLLD,2025-07-27 14:09:22.514768
604,2,2024,Maccabi Tel Aviv,2,1,1,0,0,0,1,0,1,1,1,0,1,0,1,0.5,0.0,1.0,2,1,1,1.0,1.0,1.0,0,0,0,1,1,0,DL,2025-07-27 14:09:22.514858
606,2,2024,FC Lugano,2,1,1,0,0,0,0,0,0,2,1,1,4,3,1,2.0,3.0,1.0,6,4,2,3.0,4.0,2.0,0,0,0,0,0,0,LL,2025-07-27 14:09:22.514936
611,2,2024,Fenerbahce,4,2,2,2,1,1,1,1,0,1,0,1,8,3,5,2.0,1.5,2.5,7,2,5,1.8,1.0,2.5,0,0,0,0,0,0,WWLD,2025-07-27 14:09:22.515021
106,2,2024,Stade Brestois 29,10,5,5,4,2,2,1,1,0,5,2,3,10,4,6,1.0,0.8,1.2,21,8,13,2.1,1.6,2.6,2,1,1,5,2,3,WWDWLWLLLL,2025-07-27 14:09:22.515111
619,2,2024,PAOK,4,2,2,2,1,1,1,0,1,1,1,0,9,6,3,2.3,3.0,1.5,8,6,2,2.0,3.0,1.0,1,0,1,0,0,0,WWDL,2025-07-27 14:09:22.515207
620,2,2024,Dinamo Zagreb,10,5,5,5,2,3,2,2,0,3,1,2,17,7,10,1.7,1.4,2.0,19,6,13,1.9,1.2,2.6,4,2,2,3,2,1,WWLDWWLDLW,2025-07-27 14:09:22.515288
628,2,2024,Sparta Praha,14,7,7,6,3,3,2,1,1,6,3,3,21,11,10,1.5,1.6,1.4,26,12,14,1.9,1.7,2.0,4,2,2,4,2,2,WWDWWWWDLLLLLL,2025-07-27 14:09:22.515378
637,2,2024,Sturm Graz,8,4,4,2,2,0,0,0,0,6,2,4,5,2,3,0.6,0.5,0.8,14,3,11,1.8,0.8,2.8,2,2,0,4,2,2,LLLLWLLW,2025-07-27 14:09:22.515461
645,2,2024,Galatasaray,2,1,1,0,0,0,0,0,0,2,1,1,2,0,2,1.0,0.0,2.0,4,1,3,2.0,1.0,3.0,0,0,0,1,1,0,LL,2025-07-27 14:09:22.515546
649,2,2024,HJK helsinki,2,1,1,0,0,0,1,1,0,1,0,1,1,1,0,0.5,1.0,0.0,4,1,3,2.0,1.0,3.0,0,0,0,1,0,1,LD,2025-07-27 14:09:22.515629
651,2,2024,Ferencvarosi TC,4,2,2,2,1,1,1,1,0,1,0,1,8,6,2,2.0,3.0,1.0,4,1,3,1.0,0.5,1.5,1,1,0,1,0,1,WWLD,2025-07-27 14:09:22.515711
652,2,2024,Shamrock Rovers,4,2,2,1,1,0,1,0,1,2,1,1,4,2,2,1.0,1.0,1.0,7,3,4,1.8,1.5,2.0,1,0,1,2,1,1,DWLL,2025-07-27 14:09:22.515798
656,2,2024,Slovan Bratislava,16,8,8,5,4,1,3,0,3,8,4,4,25,18,7,1.6,2.3,0.9,34,18,16,2.1,2.3,2.0,3,2,1,3,1,2,WWDWWDDWLLLLLLLL,2025-07-27 14:09:22.515881
667,2,2024,Lincoln Red Imps FC,4,2,2,1,0,1,0,0,0,3,2,1,1,0,1,0.3,0.0,0.5,8,3,5,2.0,1.5,2.5,1,0,1,3,2,1,WLLL,2025-07-27 14:09:22.515964
157,2,2024,Bayern München,14,7,7,8,5,3,2,1,1,4,1,3,31,19,12,2.2,2.7,1.7,18,6,12,1.3,0.9,1.7,4,3,1,2,0,2,WLLWWWLWWDWWLD,2025-07-27 14:09:22.516040
3745,2,2024,Dečić,2,1,1,0,0,0,1,1,0,1,0,1,1,1,0,0.5,1.0,0.0,4,1,3,2.0,1.0,3.0,0,0,0,1,0,1,LD,2025-07-27 14:09:22.516107
165,2,2024,Borussia Dortmund,14,7,7,8,4,4,2,2,0,4,1,3,31,17,14,2.2,2.4,2.0,19,7,12,1.4,1.0,1.7,5,2,3,2,1,1,WWLWWLLWWDDWLW,2025-07-27 14:09:22.516177
168,2,2024,Bayer Leverkusen,10,5,5,5,4,1,1,0,1,4,1,3,15,9,6,1.5,1.8,1.2,12,2,10,1.2,0.4,2.0,5,4,1,3,1,2,WWDLWWLWLL,2025-07-27 14:09:22.516238
684,2,2024,FC Differdange 03,2,1,1,0,0,0,1,1,0,1,0,1,0,0,0,0.0,0.0,0.0,2,0,2,1.0,0.0,2.0,1,1,0,2,1,1,LD,2025-07-27 14:09:22.516298
172,2,2024,VfB Stuttgart,8,4,4,3,1,2,1,1,0,4,2,2,13,7,6,1.6,1.8,1.5,17,8,9,2.1,2.0,2.3,1,0,1,1,1,0,LDWLLWWL,2025-07-27 14:09:22.516361
173,2,2024,RB Leipzig,8,4,4,1,1,0,0,0,0,7,3,4,8,6,2,1.0,1.5,0.5,15,8,7,1.9,2.0,1.8,0,0,0,3,1,2,LLLLLLWL,2025-07-27 14:09:22.516435
687,2,2024,Flora Tallinn,2,1,1,0,0,0,0,0,0,2,1,1,1,0,1,0.5,0.0,1.0,7,5,2,3.5,5.0,2.0,0,0,0,1,1,0,LL,2025-07-27 14:09:22.516500
692,2,2024,Ordabasy,2,1,1,0,0,0,1,1,0,1,0,1,0,0,0,0.0,0.0,0.0,1,0,1,0.5,0.0,1.0,1,1,0,2,1,1,DL,2025-07-27 14:09:22.516573
5308,2,2024,Virtus,2,1,1,0,0,0,0,0,0,2,1,1,1,1,0,0.5,1.0,0.0,11,7,4,5.5,7.0,4.0,0,0,0,1,0,1,LL,2025-07-27 14:09:22.516656
701,2,2024,KI Klaksvik,4,2,2,2,2,0,1,0,1,1,0,1,6,5,1,1.5,2.5,0.5,6,2,4,1.5,1.0,2.0,2,1,1,1,0,1,WDLW,2025-07-27 14:09:22.516713
703,2,2024,UE Santa Coloma,4,2,2,1,0,1,0,0,0,3,2,1,3,1,2,0.8,0.5,1.0,7,5,2,1.8,2.5,1.0,0,0,0,2,1,1,LWLL,2025-07-27 14:09:22.516780
705,2,2024,Dinamo Batumi,2,1,1,1,1,0,0,0,0,1,0,1,2,1,1,1.0,1.0,1.0,3,0,3,1.5,0.0,3.0,1,1,0,0,0,0,LW,2025-07-27 14:09:22.516868
709,2,2024,Pyunik Yerevan,2,1,1,0,0,0,1,0,1,1,1,0,0,0,0,0.0,0.0,0.0,1,1,0,0.5,1.0,0.0,1,0,1,2,1,1,DL,2025-07-27 14:09:22.516959
197,2,2024,PSV Eindhoven,12,6,6,5,4,1,3,1,2,4,1,3,23,15,8,1.9,2.5,1.3,24,13,11,2.0,2.2,1.8,1,1,0,1,0,1,LDDWWLWWLWLD,2025-07-27 14:09:22.517046
2247,2,2024,Apoel Nicosia,4,2,2,1,1,0,2,1,1,1,0,1,2,1,1,0.5,0.5,0.5,3,0,3,0.8,0.0,1.5,2,2,0,2,1,1,WDLD,2025-07-27 14:09:22.517136
209,2,2024,Feyenoord,12,6,6,5,3,2,2,0,2,5,3,2,21,9,12,1.8,1.5,2.0,26,11,15,2.2,1.8,2.5,2,2,0,2,2,0,LWWLDWWLWDLL,2025-07-27 14:09:22.517219
211,2,2024,Benfica,12,6,6,5,1,4,2,2,0,5,3,2,21,12,9,1.8,2.0,1.5,19,12,7,1.6,2.0,1.2,4,2,2,3,2,1,WWLLWDLWWDLL,2025-07-27 14:09:22.517303
2271,2,2024,Petrocub,4,2,2,1,1,0,2,1,1,1,0,1,2,2,0,0.5,1.0,0.0,2,1,1,0.5,0.5,0.5,2,1,1,2,0,2,DWLD,2025-07-27 14:09:22.517390
228,2,2024,Sporting CP,10,5,5,3,2,1,3,1,2,4,2,2,13,8,5,1.3,1.6,1.0,15,10,5,1.5,2.0,1.0,3,1,2,2,1,1,WDWWLLLDLD,2025-07-27 14:09:22.517470
5354,2,2024,Larne,2,1,1,0,0,0,0,0,0,2,1,1,0,0,0,0.0,0.0,0.0,7,4,3,3.5,4.0,3.0,0,0,0,2,1,1,LL,2025-07-27 14:09:22.517551
247,2,2024,Celtic,10,5,5,3,3,0,4,1,3,3,1,2,15,11,4,1.5,2.2,0.8,17,5,12,1.7,1.0,2.4,3,1,2,2,0,2,WLDWDDWLLD,2025-07-27 14:09:22.517633
4346,2,2024,Struga,2,1,1,0,0,0,0,0,0,2,1,1,3,1,2,1.5,1.0,2.0,6,2,4,3.0,2.0,4.0,0,0,0,0,0,0,LL,2025-07-27 14:09:22.517714
3327,2,2024,Egnatia Rrogozhinë,2,1,1,1,1,0,0,0,0,1,0,1,2,2,0,1.0,2.0,0.0,2,1,1,1.0,1.0,1.0,0,0,0,1,0,1,LW,2025-07-27 14:09:22.517796
257,2,2024,Rangers,2,1,1,0,0,0,1,0,1,1,1,0,1,0,1,0.5,0.0,1.0,3,2,1,1.5,2.0,1.0,0,0,0,1,1,0,DL,2025-07-27 14:09:22.517876
4360,2,2024,Celje,4,2,2,2,1,1,1,1,0,1,0,1,8,3,5,2.0,1.5,2.5,7,2,5,1.8,1.0,2.5,1,0,1,1,0,1,WWDL,2025-07-27 14:09:22.517955
278,2,2024,Vikingur Reykjavik,2,1,1,0,0,0,1,1,0,1,0,1,1,0,1,0.5,0.0,1.0,2,0,2,1.0,0.0,2.0,1,1,0,1,1,0,DL,2025-07-27 14:09:22.518038
3874,2,2024,Panevėžys,4,2,2,1,1,0,1,0,1,2,1,1,5,3,2,1.3,1.5,1.0,8,4,4,2.0,2.0,2.0,1,1,0,1,1,0,WDLL,2025-07-27 14:09:22.518118
3364,2,2024,Borac Banja Luka,4,2,2,1,1,0,0,0,0,3,1,2,4,1,3,1.0,0.5,1.5,6,1,5,1.5,0.5,2.5,1,1,0,1,1,0,WLLL,2025-07-27 14:09:22.518198
327,2,2024,Bodo/Glimt,6,3,3,5,3,2,0,0,0,1,0,1,14,10,4,2.3,3.3,1.3,5,2,3,0.8,0.7,1.0,2,1,1,1,0,1,WWWWWL,2025-07-27 14:09:22.518284
336,2,2024,Jagiellonia,4,2,2,2,1,1,0,0,0,2,1,1,8,3,5,2.0,1.5,2.5,6,2,4,1.5,1.0,2.0,1,0,1,1,1,0,WWLL,2025-07-27 14:09:22.518365
354,2,2024,The New Saints,4,2,2,1,1,0,1,0,1,2,1,1,5,4,1,1.3,2.0,0.5,8,2,6,2.0,1.0,3.0,1,1,0,1,0,1,WDLL,2025-07-27 14:09:22.518448
1393,2,2024,Union St. Gilloise,2,1,1,0,0,0,0,0,0,2,1,1,1,0,1,0.5,0.0,1.0,4,1,3,2.0,1.0,3.0,0,0,0,1,1,0,LL,2025-07-27 14:09:22.518535
375,2,2024,Malmo FF,6,3,3,2,1,1,1,1,0,3,1,2,12,6,6,2.0,2.0,2.0,13,5,8,2.2,1.7,2.7,0,0,0,2,1,1,WLDWLL,2025-07-27 14:09:22.518628
394,2,2024,Dinamo Minsk,4,2,2,2,1,1,1,1,0,1,0,1,2,1,1,0.5,0.5,0.5,2,0,2,0.5,0.0,1.0,3,2,1,2,1,1,DWLW,2025-07-27 14:09:22.518710
397,2,2024,FC Midtjylland,6,3,3,3,2,1,2,1,1,1,0,1,10,4,6,1.7,1.3,2.0,5,1,4,0.8,0.3,1.3,3,2,1,0,0,0,WWWDDL,2025-07-27 14:09:22.518785
415,2,2024,Twente,2,1,1,0,0,0,1,1,0,1,0,1,4,3,1,2.0,3.0,1.0,5,3,2,2.5,3.0,2.0,0,0,0,0,0,0,LD,2025-07-27 14:09:22.518858
12733,2,2024,Ballkani,2,1,1,1,0,1,0,0,0,1,1,0,3,1,2,1.5,1.0,2.0,3,2,1,1.5,2.0,1.0,0,0,0,0,0,0,WL,2025-07-27 14:09:22.518958
489,2,2024,AC Milan,10,5,5,5,3,2,1,1,0,4,1,3,15,8,7,1.5,1.6,1.4,13,6,7,1.3,1.2,1.4,1,1,0,2,0,2,LLWWWWWLLD,2025-07-27 14:09:22.519056
496,2,2024,Juventus,10,5,5,4,3,1,3,0,3,3,2,1,12,7,5,1.2,1.4,1.0,11,5,6,1.1,1.0,1.2,3,1,2,4,2,2,WWLDDWDLWL,2025-07-27 14:09:22.519171
499,2,2024,Atalanta,10,5,5,4,1,3,3,2,1,3,2,1,22,8,14,2.2,1.6,2.8,11,6,5,1.1,1.2,1.0,5,3,2,2,2,0,DWDWWLWDLL,2025-07-27 14:09:22.519269
500,2,2024,Bologna,8,4,4,1,1,0,3,1,2,4,2,2,4,3,1,0.5,0.8,0.3,9,4,5,1.1,1.0,1.3,2,1,1,5,2,3,DLLLLDWD,2025-07-27 14:09:22.519371
505,2,2024,Inter,15,7,8,10,6,4,3,1,2,2,0,2,26,17,9,1.7,2.4,1.1,16,6,10,1.1,0.9,1.3,8,4,4,3,0,3,DWWWWLWWWWWDDWL,2025-07-27 14:09:22.519459
