team_id,league_id,season,team_name,matches_played_total,matches_played_home,matches_played_away,wins_total,wins_home,wins_away,draws_total,draws_home,draws_away,losses_total,losses_home,losses_away,goals_for_total,goals_for_home,goals_for_away,goals_for_avg_total,goals_for_avg_home,goals_for_avg_away,goals_against_total,goals_against_home,goals_against_away,goals_against_avg_total,goals_against_avg_home,goals_against_avg_away,clean_sheets_total,clean_sheets_home,clean_sheets_away,failed_to_score_total,failed_to_score_home,failed_to_score_away,form,extracted_at
33,39,2021,Manchester United,38,19,19,16,10,6,10,5,5,12,4,8,57,32,25,1.5,1.7,1.3,57,22,35,1.5,1.2,1.8,8,5,3,9,5,4,WDWWWLDLLWLLDWWWDWLDWWDDWWDLWDLWLLDWLL,2025-07-27 14:09:22.422066
34,39,2021,Newcastle,38,19,19,13,8,5,10,6,4,15,5,10,44,26,18,1.2,1.4,0.9,62,27,35,1.6,1.4,1.8,8,5,3,9,3,6,LLDLDDLLDLDDLDWLLLDDWWWDWWWLLLWWWWLLWW,2025-07-27 14:09:22.422143
38,39,2021,Watford,38,19,19,6,2,4,5,2,3,27,15,12,34,17,17,0.9,0.9,0.9,77,46,31,2.0,2.4,1.6,4,1,3,18,8,10,WLLLWDLLWLLWLLLLLLDLDLLWLDLLWLLLLLLDLL,2025-07-27 14:09:22.422219
39,39,2021,Wolves,38,19,19,15,7,8,6,3,3,17,9,8,38,20,18,1.0,1.1,0.9,43,25,18,1.1,1.3,0.9,11,4,7,16,9,7,LLLWLWWWDWLWDDLLWDWWWLWWLLLWWLWLLLDLDL,2025-07-27 14:09:22.422293
40,39,2021,Liverpool,38,19,19,28,15,13,8,4,4,2,0,2,94,49,45,2.5,2.6,2.4,26,9,17,0.7,0.5,0.9,21,12,9,1,0,1,WWDWWDDWWDLWWWWWWDLDWWWWWWWWWWDWWWDWWW,2025-07-27 14:09:22.422369
41,39,2021,Southampton,38,19,19,9,6,3,13,7,6,16,6,10,43,23,20,1.1,1.2,1.1,67,24,43,1.8,1.3,2.3,8,6,2,9,3,6,LDDDDLLWDWWLLDDLDWDWLDWDWWLLLDLWLDLLLL,2025-07-27 14:09:22.422450
42,39,2021,Arsenal,38,19,19,22,13,9,3,2,1,13,4,9,61,35,26,1.6,1.8,1.4,48,17,31,1.3,0.9,1.6,13,7,6,11,3,8,LLLWWWDDWWWLWLLWWWWLDWWWWWLWLLLWWWWLLW,2025-07-27 14:09:22.422527
44,39,2021,Burnley,38,19,19,7,5,2,14,6,8,17,8,9,34,18,16,0.9,0.9,0.8,53,25,28,1.4,1.3,1.5,9,6,3,16,8,8,LLDLLDDLDWDDDLDLLDDDLWWDLLLLWLDWWWLLDL,2025-07-27 14:09:22.422604
45,39,2021,Everton,38,19,19,11,9,2,6,2,4,21,8,13,43,27,16,1.1,1.4,0.8,66,25,41,1.7,1.3,2.2,8,6,2,12,5,7,WDWWLWDLLLDLLLWLDLLLLWLLLLWLLWDLWWDLWL,2025-07-27 14:09:22.422677
46,39,2021,Leicester,38,19,19,14,10,4,10,4,6,14,5,9,62,34,28,1.6,1.8,1.5,59,23,36,1.6,1.2,1.9,7,6,1,6,4,2,WLWLLDDWWLDLWDLWLWLDLDLWWLWDWLDDLLWWDW,2025-07-27 14:09:22.422752
47,39,2021,Tottenham,38,19,19,22,13,9,5,1,4,11,5,6,69,38,31,1.8,2.0,1.6,40,19,21,1.1,1.0,1.1,16,8,8,10,4,6,WWWLLLWWLLDWWWDWDWWLLLWLWWLWWWWLDWDWWW,2025-07-27 14:09:22.422827
48,39,2021,West Ham,38,19,19,16,9,7,8,5,3,14,5,9,60,33,27,1.6,1.7,1.4,51,26,25,1.3,1.4,1.3,8,4,4,8,0,8,WWDDLWLWWWWLLDWDLLWWWLLWDDWLWLWLDLLWDL,2025-07-27 14:09:22.422916
49,39,2021,Chelsea,38,19,19,21,9,12,11,7,4,6,3,3,76,37,39,2.0,1.9,2.1,33,22,11,0.9,1.2,0.6,16,6,10,4,1,3,WWDWWLWWWWDWDWLWDDWDDLDWWWWWLWLWDLDWDW,2025-07-27 14:09:22.422992
50,39,2021,Manchester City,38,19,19,29,15,14,6,2,4,3,2,1,99,58,41,2.6,3.1,2.2,26,15,11,0.7,0.8,0.6,21,11,10,4,2,2,LWWWDWDWWLWWWWWWWWWWWWDWWLWWDWDWWWWWDW,2025-07-27 14:09:22.423071
51,39,2021,Brighton,38,19,19,12,5,7,15,7,8,11,7,4,42,19,23,1.1,1.0,1.2,44,23,21,1.2,1.2,1.1,11,6,5,13,9,4,WWLWWDDDLDDLDDDLWDWDDDWLLLLLLDWWLDWWDW,2025-07-27 14:09:22.423155
52,39,2021,Crystal Palace,38,19,19,11,7,4,15,8,7,12,4,8,50,27,23,1.3,1.4,1.2,46,17,29,1.2,0.9,1.5,12,9,3,11,4,7,LDDWLDDDDWWDLLLWDLWLDLDDLWDWDWLLDWWDLW,2025-07-27 14:09:22.423234
55,39,2021,Brentford,38,19,19,13,7,6,7,3,4,18,9,9,48,22,26,1.3,1.2,1.4,56,21,35,1.5,1.1,1.8,9,7,2,12,6,6,WDDLWDWLLLLDWLDWLLWLLLLLDLLWWLWWWDLWWL,2025-07-27 14:09:22.423314
63,39,2021,Leeds,38,19,19,9,4,5,11,6,5,18,9,9,42,19,23,1.1,1.0,1.2,79,38,41,2.1,2.0,2.2,5,2,3,13,6,7,LDDLDLWLDWDLDWDLLLWWLDLLLLLLWWDWDLLLDW,2025-07-27 14:09:22.423393
66,39,2021,Aston Villa,38,19,19,13,6,7,6,5,1,19,8,11,52,29,23,1.4,1.5,1.2,54,29,25,1.4,1.5,1.3,11,5,6,8,3,5,LWDLWWLLLLLWWLWLWLLDWDLLWWWLLLLDWWLDDL,2025-07-27 14:09:22.423470
71,39,2021,Norwich,38,19,19,5,3,2,7,3,4,26,13,13,23,12,11,0.6,0.6,0.6,84,43,41,2.2,2.3,2.2,6,3,3,22,10,12,LLLLLLDDLLWWDDLLLLLLWWDLLLLLLDWLLLLLDL,2025-07-27 14:09:22.423547
