team_id,league_id,season,team_name,matches_played_total,matches_played_home,matches_played_away,wins_total,wins_home,wins_away,draws_total,draws_home,draws_away,losses_total,losses_home,losses_away,goals_for_total,goals_for_home,goals_for_away,goals_for_avg_total,goals_for_avg_home,goals_for_avg_away,goals_against_total,goals_against_home,goals_against_away,goals_against_avg_total,goals_against_avg_home,goals_against_avg_away,clean_sheets_total,clean_sheets_home,clean_sheets_away,failed_to_score_total,failed_to_score_home,failed_to_score_away,form,extracted_at
128,71,2022,Santos,38,19,19,12,8,4,11,5,6,15,6,9,44,28,16,1.2,1.5,0.8,41,19,22,1.1,1.0,1.2,11,6,5,14,4,10,DWWLWLDLDDDWDDLWLWDDWLWDLLLWLLWWLLWDLL,2025-07-27 14:09:22.485526
129,71,2022,Ceara,38,19,19,7,4,3,16,8,8,15,7,8,34,20,14,0.9,1.1,0.7,41,22,19,1.1,1.2,1.0,8,3,5,15,6,9,WLLLDDDWDWDDDDDLWWLLDLDDDWLLLDDDLLLLLW,2025-07-27 14:09:22.485582
131,71,2022,Corinthians,38,19,19,18,12,6,11,4,7,9,3,6,44,24,20,1.2,1.3,1.1,36,11,25,0.9,0.6,1.3,14,10,4,10,4,6,WWLWWDDDWLWDWDLWLWWWDLLWDDLWWDWWLDWWDL,2025-07-27 14:09:22.485633
134,71,2022,Atletico Paranaense,38,19,19,16,11,5,10,6,4,12,2,10,48,31,17,1.3,1.6,0.9,48,17,31,1.3,0.9,1.6,13,8,5,10,2,8,LLWLWLWWDWDDWWWLDWLWWLDDWDDLWDLWLLWLDW,2025-07-27 14:09:22.485699
144,71,2022,Atletico Goianiense,38,19,19,8,6,2,12,5,7,18,8,10,39,22,17,1.0,1.2,0.9,57,23,34,1.5,1.2,1.8,4,2,2,10,5,5,DLDDLLWDLWWLWDLLLLLLWDDLLLLLWWDDWLLDDD,2025-07-27 14:09:22.485765
145,71,2022,Avai,38,19,19,9,7,2,8,4,4,21,8,13,34,24,10,0.9,1.3,0.5,60,26,34,1.6,1.4,1.8,6,4,2,12,2,10,WLWDWLLLDLWWLDLLWLLLDDLLDDWLLLLLLLLDWW,2025-07-27 14:09:22.485836
147,71,2022,Coritiba,38,19,19,12,11,1,6,4,2,20,4,16,39,25,14,1.0,1.3,0.7,60,16,44,1.6,0.8,2.3,9,8,1,11,3,8,WLDWLWLWDDLLLLWDLLWLLLLWLWLWLWLLDLWWDL,2025-07-27 14:09:22.485928
151,71,2022,Goias,38,19,19,11,6,5,13,8,5,14,5,9,40,20,20,1.1,1.1,1.1,53,22,31,1.4,1.2,1.6,8,5,3,11,4,7,LDLDWWLDWDDLLWLWDLDWLDWWWDDLLDLWDDLWLL,2025-07-27 14:09:22.485994
152,71,2022,Juventude,38,19,19,3,2,1,13,9,4,22,8,14,29,18,11,0.8,0.9,0.6,69,27,42,1.8,1.4,2.2,4,3,1,15,5,10,DLLDDWLDWLLLLDLDDLWLLLDLDLDLLDLDLLLLDL,2025-07-27 14:09:22.486056
154,71,2022,Fortaleza EC,38,19,19,15,7,8,10,8,2,13,4,9,46,24,22,1.2,1.3,1.2,39,13,26,1.0,0.7,1.4,15,9,6,9,7,2,LLLDLLDLWDDLWLLDWLDWWWWWLLDWWDWWDWLDWW,2025-07-27 14:09:22.486122
794,71,2022,RB Bragantino,38,19,19,11,8,3,11,5,6,16,6,10,49,29,20,1.3,1.5,1.1,59,23,36,1.6,1.2,1.9,7,4,3,10,5,5,DWDWLDLDLWDWDLLWWWLWLLDLDDDDLWLLWLWLLL,2025-07-27 14:09:22.486180
1062,71,2022,Atletico-MG,38,19,19,15,8,7,13,5,8,10,6,4,45,25,20,1.2,1.3,1.1,37,18,19,1.0,0.9,1.0,16,8,8,11,5,6,WWDDLDWWDLDDWWWDWDLLLWLDWDLLWWDLDWDLWW,2025-07-27 14:09:22.486239
1193,71,2022,Cuiaba,38,19,19,10,6,4,11,8,3,17,5,12,31,17,14,0.8,0.9,0.7,42,15,27,1.1,0.8,1.4,9,6,3,13,5,8,WLWDLLDLLWDLDLWWLDLLLWDDDLDWLLLDLWWDLW,2025-07-27 14:09:22.486303
119,71,2022,Internacional,38,19,19,20,13,7,13,5,8,5,1,4,58,40,18,1.5,2.1,0.9,31,14,17,0.8,0.7,0.9,18,11,7,7,2,5,LWWDDDDDWDWWLWDWDDLWLWWWDWWDWDWWDWLWWW,2025-07-27 14:09:22.486360
120,71,2022,Botafogo,38,19,19,15,6,9,8,4,4,15,9,6,41,18,23,1.1,0.9,1.2,43,19,24,1.1,1.0,1.3,11,6,5,14,8,6,LWDDWWDLLLLWWLWLLLWLDDDLWDWWLWWLDWLWWL,2025-07-27 14:09:22.486426
121,71,2022,Palmeiras,38,19,19,23,13,10,12,4,8,3,2,1,66,39,27,1.7,2.1,1.4,27,12,15,0.7,0.6,0.8,19,11,8,6,3,3,LDDWDWWWDWWWWDLDWWWWWWDDDWWWWWDDWWWDWL,2025-07-27 14:09:22.486487
124,71,2022,Fluminense,38,19,19,21,12,9,7,3,4,10,4,6,63,39,24,1.7,2.1,1.3,41,20,21,1.1,1.1,1.1,14,6,8,9,4,5,DWLLDWWLLWLDWWWWDWWDWLWDLWWWLLLWDWWWWW,2025-07-27 14:09:22.486548
125,71,2022,America Mineiro,38,19,19,15,9,6,8,4,4,15,6,9,40,22,18,1.1,1.2,0.9,40,18,22,1.1,0.9,1.2,11,7,4,12,4,8,LWLWWLDDWLLDLLWLLLWWWWDDWDWLWLWLLDWWLD,2025-07-27 14:09:22.486605
126,71,2022,Sao Paulo,38,19,19,13,8,5,15,6,9,10,5,5,55,32,23,1.4,1.7,1.2,42,21,21,1.1,1.1,1.1,9,5,4,10,5,5,WLDWDWDDDDWLLDWDDDDLLWLLDDWWWLDWWWDLLW,2025-07-27 14:09:22.486670
127,71,2022,Flamengo,38,19,19,18,11,7,8,3,5,12,5,7,60,37,23,1.6,1.9,1.2,39,15,24,1.0,0.8,1.3,11,9,2,8,3,5,DWDLLDWWLLLWLWWLWWWWWWDWDDLLWDWWWWLLDL,2025-07-27 14:09:22.486735
