team_id,league_id,season,team_name,matches_played_total,matches_played_home,matches_played_away,wins_total,wins_home,wins_away,draws_total,draws_home,draws_away,losses_total,losses_home,losses_away,goals_for_total,goals_for_home,goals_for_away,goals_for_avg_total,goals_for_avg_home,goals_for_avg_away,goals_against_total,goals_against_home,goals_against_away,goals_against_avg_total,goals_against_avg_home,goals_against_avg_away,clean_sheets_total,clean_sheets_home,clean_sheets_away,failed_to_score_total,failed_to_score_home,failed_to_score_away,form,extracted_at
529,140,2020,Barcelona,38,19,19,24,11,13,7,5,2,7,3,4,85,44,41,2.2,2.3,2.2,38,20,18,1.0,1.1,0.9,14,6,8,3,1,2,WWDLLDWLWLWWDWDWWWWWWWDWWWWWWLWWLWDDLW,2025-07-27 14:09:22.426543
530,140,2020,Atletico Madrid,38,19,19,26,15,11,8,3,5,4,1,3,67,41,26,1.8,2.2,1.4,25,11,14,0.7,0.6,0.7,18,10,8,7,2,5,WDDWWWWWWWLWWWWWWWWDWDLWDWDWLDWWLWDWWW,2025-07-27 14:09:22.426607
531,140,2020,Athletic Club,38,19,19,11,8,3,13,6,7,14,5,9,46,29,17,1.2,1.5,0.9,42,19,23,1.1,1.0,1.2,9,5,4,12,5,7,LWLLWLWLWDLDLWDLWLWLDWDDWLDDDDDWDWDLLL,2025-07-27 14:09:22.426664
532,140,2020,Valencia,38,19,19,10,8,2,13,7,6,15,4,11,50,34,16,1.3,1.8,0.8,53,23,30,1.4,1.2,1.6,7,3,4,9,3,6,WLDWLLLDWDLDDDLLDWDLWDLWLWLWLDDLDLWLWD,2025-07-27 14:09:22.426748
533,140,2020,Villarreal,38,19,19,15,8,7,13,6,7,10,5,5,60,29,31,1.6,1.5,1.6,44,23,21,1.2,1.2,1.1,10,4,6,7,2,5,DWLWDWDWWDDDDWDLWWDDDDLDLLWWWLWLLWLWWL,2025-07-27 14:09:22.426827
536,140,2020,Sevilla,38,19,19,24,14,10,5,1,4,9,4,5,53,27,26,1.4,1.4,1.4,33,11,22,0.9,0.6,1.2,17,11,6,7,4,3,WWDLLLWWWLWDWWDWLWWWWWWLLWWDWWWWWLDWLW,2025-07-27 14:09:22.426908
538,140,2020,Celta Vigo,38,19,19,14,9,5,11,3,8,13,7,6,55,30,25,1.4,1.6,1.3,57,30,27,1.5,1.6,1.4,9,5,4,10,4,6,DWDLLLDLDLWWWWDWLLLDDDWLDWDLWLDLWWWWWL,2025-07-27 14:09:22.426985
539,140,2020,Levante,38,19,19,9,5,4,14,9,5,15,5,10,46,27,19,1.2,1.4,1.0,57,30,27,1.5,1.6,1.4,4,2,2,11,4,7,LWLLLDDDDDWLWDWLWDDWDLDWDLWLLWLLLLDDLD,2025-07-27 14:09:22.427062
797,140,2020,Elche,38,19,19,8,5,3,12,8,4,18,6,12,34,18,16,0.9,0.9,0.8,55,23,32,1.4,1.2,1.7,7,4,3,13,6,7,LWDWWLDDDDLLDDLLDLLDLWLLWLLDDLLDWLLLWW,2025-07-27 14:09:22.427143
541,140,2020,Real Madrid,38,19,19,25,13,12,9,3,6,4,3,1,67,33,34,1.8,1.7,1.8,28,13,15,0.7,0.7,0.8,17,9,8,5,2,3,DWWWLWWLDLWWWWWDWDWLWWWWDDWWWWDWDWDWWW,2025-07-27 14:09:22.427221
542,140,2020,Alaves,38,19,19,9,6,3,11,6,5,18,7,11,36,21,15,0.9,1.1,0.8,57,25,32,1.5,1.3,1.7,9,5,4,13,5,8,LLDLWLWDDDWDLLWDLLLLDWLLLLDLLDWWDLDWWL,2025-07-27 14:09:22.427295
543,140,2020,Real Betis,38,19,19,17,10,7,10,5,5,11,4,7,50,27,23,1.3,1.4,1.2,50,21,29,1.3,1.1,1.5,13,7,6,9,3,6,WWLLWLLWLLLWDLWLDWWDWLWWWWLWDDDDDDWDWW,2025-07-27 14:09:22.427370
545,140,2020,Eibar,38,19,19,6,2,4,12,7,5,20,10,10,29,12,17,0.8,0.6,0.9,52,21,31,1.4,1.1,1.6,9,6,3,14,10,4,DLLLWDWLDDWDDLLDWLLDLLDLDLLDLLLLLWWDLL,2025-07-27 14:09:22.427445
546,140,2020,Getafe,38,19,19,9,6,3,11,6,5,18,7,11,28,15,13,0.7,0.8,0.7,43,13,30,1.1,0.7,1.6,14,8,6,21,9,12,WDWLWLDLDDLLWDLLWWLDLLLLWLDDDLDLWLLLWD,2025-07-27 14:09:22.427520
548,140,2020,Real Sociedad,38,19,19,17,9,8,11,6,5,10,4,6,59,34,25,1.6,1.8,1.3,38,21,17,1.0,1.1,0.9,14,6,8,6,3,3,DDWLWWWWWWDDDLLLWDLDDWWWDWLLDDLWWLWLWW,2025-07-27 14:09:22.427596
715,140,2020,Granada CF,38,19,19,13,9,4,7,4,3,18,6,12,47,25,22,1.2,1.3,1.2,65,25,40,1.7,1.3,2.1,9,7,2,8,5,3,WWLDWWDLLLDWWLWLLWDLDDLLWLWLLWWLWLLLLD,2025-07-27 14:09:22.427672
720,140,2020,Valladolid,38,19,19,5,3,2,16,7,9,17,9,8,34,19,15,0.9,1.0,0.8,57,30,27,1.5,1.6,1.4,3,0,3,14,5,9,DLDLLDLLWWDLWDLDWLDDLLDLDWDDLLDDDDLLLL,2025-07-27 14:09:22.427747
724,140,2020,Cadiz,38,19,19,11,5,6,11,5,6,16,9,7,36,17,19,0.9,0.9,1.0,58,30,28,1.5,1.6,1.5,10,4,6,13,9,4,LWLWDWDWLLDWLLLDDWDLLLLDLWDLWWDLDWWLLD,2025-07-27 14:09:22.427823
726,140,2020,Huesca,38,19,19,7,5,2,13,7,6,18,7,11,34,17,17,0.9,0.9,0.9,53,21,32,1.4,1.1,1.7,9,7,2,16,9,7,DLDDDDLLDDLDWLDLLLLDWLLWDLLDWWLLLWLWLD,2025-07-27 14:09:22.427898
727,140,2020,Osasuna,38,19,19,11,7,4,11,5,6,16,7,9,37,21,16,1.0,1.1,0.8,48,23,25,1.3,1.2,1.3,11,6,5,15,7,8,WLLWDWLLDLLLLDDDDLDWLWWLWLDDDWWWLLDWLL,2025-07-27 14:09:22.427978
