team_id,league_id,season,team_name,matches_played_total,matches_played_home,matches_played_away,wins_total,wins_home,wins_away,draws_total,draws_home,draws_away,losses_total,losses_home,losses_away,goals_for_total,goals_for_home,goals_for_away,goals_for_avg_total,goals_for_avg_home,goals_for_avg_away,goals_against_total,goals_against_home,goals_against_away,goals_against_avg_total,goals_against_avg_home,goals_against_avg_away,clean_sheets_total,clean_sheets_home,clean_sheets_away,failed_to_score_total,failed_to_score_home,failed_to_score_away,form,extracted_at
514,135,2022,Salernitana,38,19,19,9,7,2,15,6,9,14,6,8,48,30,18,1.3,1.6,0.9,62,26,36,1.6,1.4,1.9,7,5,2,11,4,7,LDWDDDLLWLWWDLLLDLLWLLLWDDDDDDWDDLWDWL,2025-07-27 14:09:22.437133
515,135,2022,Spezia,39,20,19,6,4,2,13,8,5,20,8,12,32,19,13,0.8,1.0,0.7,65,33,32,1.7,1.7,1.7,6,4,2,18,8,10,WLDLDLWLLDLLLDWDDWLLLDLDDWLDDLDLLLWDLLL,2025-07-27 14:09:22.437212
520,135,2022,Cremonese,38,19,19,5,4,1,12,4,8,21,11,10,36,15,21,0.9,0.8,1.1,69,31,38,1.8,1.6,2.0,6,6,0,14,8,6,LLLLDDLDLDLDDDLLLLDLLLDWLLDLWWLDDWLLLW,2025-07-27 14:09:22.437287
1579,135,2022,Monza,38,19,19,14,7,7,10,5,5,14,7,7,48,25,23,1.3,1.3,1.2,52,22,30,1.4,1.2,1.6,10,5,5,9,4,5,LLLLLDWWWLLLWLWDDWDWDWLLWDDLDWWWDDWWLL,2025-07-27 14:09:22.437343
867,135,2022,Lecce,38,19,19,8,3,5,12,8,4,18,8,10,33,18,15,0.9,0.9,0.8,46,24,22,1.2,1.3,1.2,6,2,4,14,5,9,LLDDLDWDLDLLDWWWDDLLWDWLLLLLLDLWLLDDWL,2025-07-27 14:09:22.437412
487,135,2022,Lazio,38,19,19,22,11,11,8,4,4,8,4,4,60,32,28,1.6,1.7,1.5,30,18,12,0.8,0.9,0.6,21,8,13,7,3,4,WDWDLWWWWDWLWWLLDWWDDLWWWDWWWWLLWLDWWW,2025-07-27 14:09:22.437467
488,135,2022,Sassuolo,38,19,19,12,8,4,9,4,5,17,7,10,47,24,23,1.2,1.3,1.2,61,23,38,1.6,1.2,2.0,9,6,3,10,3,7,LWDDDLWWLLWLLDLLLLDWWDLWWWWDLWLWLDLLDL,2025-07-27 14:09:22.437553
489,135,2022,AC Milan,38,19,19,20,13,7,10,4,6,8,2,6,64,41,23,1.7,2.2,1.2,43,20,23,1.1,1.1,1.2,12,7,5,6,1,5,WDWDWWLWWWWLWDWWDDLLLWWWLDLWDDWDDWLWWW,2025-07-27 14:09:22.437616
492,135,2022,Napoli,38,19,19,28,14,14,6,3,3,4,2,2,77,40,37,2.0,2.1,1.9,28,15,13,0.7,0.8,0.7,18,9,9,6,3,3,WWDDWWWWWWWWWWWLWWWWWWWWLWWLWDWDDWLWDW,2025-07-27 14:09:22.437679
494,135,2022,Udinese,38,19,19,11,6,5,13,9,4,14,4,10,47,30,17,1.2,1.6,0.9,48,20,28,1.3,1.1,1.5,10,5,5,12,3,9,LDWWWWWWDDLDDDLDLLWDLDLDDWWLDLWLDWLLLL,2025-07-27 14:09:22.437744
496,135,2022,Juventus,38,19,19,22,13,9,6,3,3,10,3,7,56,38,18,1.5,2.0,0.9,33,15,18,0.9,0.8,0.9,20,10,10,8,3,5,WDDWDDLWLWWWWWWWWLDLWWWWLWWWLLLDWWWLLW,2025-07-27 14:09:22.437798
497,135,2022,AS Roma,38,19,19,18,11,7,9,3,6,11,5,6,50,28,22,1.3,1.5,1.2,38,15,23,1.0,0.8,1.2,14,9,5,7,4,3,WWDWLWLWWWLWLDDWDWWLWDWLWLLWWWLDDLDDLW,2025-07-27 14:09:22.437878
498,135,2022,Sampdoria,38,19,19,3,1,2,10,7,3,25,11,14,24,12,12,0.6,0.6,0.6,71,28,43,1.9,1.5,2.3,4,3,1,21,11,10,LDLDLLLLDLWLLLLWLLLLDDLLDLWLLDDLLLDLDL,2025-07-27 14:09:22.437974
499,135,2022,Atalanta,38,19,19,19,10,9,7,3,4,12,6,6,66,38,28,1.7,2.0,1.5,48,26,22,1.3,1.4,1.2,9,3,6,8,4,4,WDWWWDWWDWLWLLLDWWDWLWLLDLWWLDWWWLLWLW,2025-07-27 14:09:22.438058
500,135,2022,Bologna,38,19,19,14,7,7,12,9,3,12,3,9,53,24,29,1.4,1.3,1.5,49,14,35,1.3,0.7,1.8,8,7,1,8,4,4,LDLDDWLLDLWWWLWLLWDWWLWWLDDWWDLDLDDWDW,2025-07-27 14:09:22.438135
502,135,2022,Fiorentina,38,19,19,15,9,6,11,6,5,12,4,8,53,30,23,1.4,1.6,1.2,43,22,21,1.1,1.2,1.1,10,5,5,9,3,6,WDDLDLWLLDLWWWLDWLLDLLDWWWWWDDLWDLWDWW,2025-07-27 14:09:22.438213
503,135,2022,Torino,38,19,19,14,5,9,11,7,4,13,7,6,42,15,27,1.1,0.8,1.4,41,19,22,1.1,1.0,1.2,11,5,6,9,7,2,WDWLWLLLDLWWLWDDDLWDWLDLWWLDLDWLWDWDWL,2025-07-27 14:09:22.438292
504,135,2022,Verona,39,19,20,8,6,2,10,3,7,21,10,11,34,20,14,0.9,1.1,0.7,60,32,28,1.5,1.7,1.4,6,3,3,13,5,8,LDLDWLLLLLLLLLLDWLWDDWLLDDLLWDWDLWLLDLW,2025-07-27 14:09:22.438369
505,135,2022,Inter,38,19,19,23,14,9,3,0,3,12,5,7,71,37,34,1.9,1.9,1.8,42,14,28,1.1,0.7,1.5,13,8,5,7,4,3,WWLWLWLLWWWWLWWWDWLWWDWLWLLLDLWWWWWLWW,2025-07-27 14:09:22.438444
511,135,2022,Empoli,38,19,19,10,8,2,13,4,9,15,7,8,37,22,15,1.0,1.2,0.8,49,23,26,1.3,1.2,1.4,9,6,3,12,6,6,LDDDDLWLDWLLWLWDDWWDLDDLLLLWDLLLWWDWDL,2025-07-27 14:09:22.438524
