team_id,league_id,season,team_name,matches_played_total,matches_played_home,matches_played_away,wins_total,wins_home,wins_away,draws_total,draws_home,draws_away,losses_total,losses_home,losses_away,goals_for_total,goals_for_home,goals_for_away,goals_for_avg_total,goals_for_avg_home,goals_for_avg_away,goals_against_total,goals_against_home,goals_against_away,goals_against_avg_total,goals_against_avg_home,goals_against_avg_away,clean_sheets_total,clean_sheets_home,clean_sheets_away,failed_to_score_total,failed_to_score_home,failed_to_score_away,form,extracted_at
157,78,2023,Bayern München,34,17,17,23,14,9,3,1,2,8,2,6,94,53,41,2.8,3.1,2.4,45,12,33,1.3,0.7,1.9,11,8,3,3,2,1,WWWDWDWWWWWWLWWWLWWWLLWDWWLLWWWLWL,2025-07-27 14:09:22.445652
158,78,2023,Fortuna Düsseldorf,2,1,1,1,0,1,0,0,0,1,1,0,3,0,3,1.5,0.0,3.0,3,3,0,1.5,3.0,0.0,1,0,1,1,1,0,WL,2025-07-27 14:09:22.445728
160,78,2023,SC Freiburg,34,17,17,11,5,6,9,7,2,14,5,9,45,28,17,1.3,1.6,1.0,58,30,28,1.7,1.8,1.6,10,4,6,6,1,5,WWLLDWLWLDLDWWWLDWLLLDLDWLWLWDLDDL,2025-07-27 14:09:22.445805
161,78,2023,VfL Wolfsburg,34,17,17,10,6,4,7,4,3,17,7,10,41,25,16,1.2,1.5,0.9,56,25,31,1.6,1.5,1.8,6,4,2,7,1,6,WWLWLWLLLDLWLLWLDDDDLDDLLLWLLWWWLL,2025-07-27 14:09:22.445887
162,78,2023,Werder Bremen,34,17,17,11,7,4,9,4,5,14,6,8,48,29,19,1.4,1.7,1.1,54,26,28,1.6,1.5,1.6,7,3,4,7,3,4,LLWLWLLLWDDLLWDDDWWWLWDLLLLDLWWDDW,2025-07-27 14:09:22.445966
163,78,2023,Borussia Mönchengladbach,34,17,17,7,5,2,13,6,7,14,6,8,56,27,29,1.6,1.6,1.7,67,26,41,2.0,1.5,2.4,4,3,1,8,5,3,DLLDLWDLWDWLWLDLWLDLDLWDDDLWLLDDDL,2025-07-27 14:09:22.446045
164,78,2023,FSV Mainz 05,34,17,17,7,6,1,14,5,9,13,6,7,39,23,16,1.1,1.4,0.9,51,18,33,1.5,1.1,1.9,8,5,3,9,4,5,LDLLLLDLDWDDLDLDDLLDLWLDLWDWWDDDWW,2025-07-27 14:09:22.446124
165,78,2023,Borussia Dortmund,34,17,17,18,10,8,9,3,6,7,4,3,68,37,31,2.0,2.2,1.8,43,22,21,1.3,1.3,1.2,10,5,5,4,2,2,WDDWWWWWDLLWDLDDWWWDWDLWWWWLWDLWLW,2025-07-27 14:09:22.446203
167,78,2023,1899 Hoffenheim,34,17,17,13,6,7,7,5,2,14,6,8,66,31,35,1.9,1.8,2.1,66,31,35,1.9,1.8,2.1,2,0,2,3,2,1,LWWWWLWLWLDDLWLDLLDDDLWWLLLWLWLDWW,2025-07-27 14:09:22.446279
168,78,2023,Bayer Leverkusen,34,17,17,28,14,14,6,3,3,0,0,0,89,47,42,2.6,2.8,2.5,24,11,13,0.7,0.6,0.8,16,8,8,1,1,0,WWWDWWWWWWWWDDWWWWDWWWWWWWWWWDDWWW,2025-07-27 14:09:22.446355
169,78,2023,Eintracht Frankfurt,34,17,17,11,7,4,14,8,6,9,2,7,51,29,22,1.5,1.7,1.3,50,21,29,1.5,1.2,1.7,7,5,2,6,2,4,WDDDDLWWDWDLLWLWWDWLDDDWWLDDLWLLDD,2025-07-27 14:09:22.446434
170,78,2023,FC Augsburg,34,17,17,10,6,4,9,6,3,15,5,10,50,26,24,1.5,1.5,1.4,60,26,34,1.8,1.5,2.0,3,2,1,8,3,5,DLDLWLLWWDDDWLDLLWLDDLWWWWDLWLLLLL,2025-07-27 14:09:22.446511
172,78,2023,VfB Stuttgart,34,17,17,23,13,10,4,3,1,7,1,6,78,50,28,2.3,2.9,1.6,39,15,24,1.1,0.9,1.4,12,7,5,3,0,3,WLWWWWWWLLWWWDLWLLWWWWDWWWDWWLDWWW,2025-07-27 14:09:22.446589
173,78,2023,RB Leipzig,34,17,17,19,11,8,8,4,4,7,2,5,77,40,37,2.3,2.4,2.2,39,12,27,1.1,0.7,1.6,10,8,2,4,3,1,LWWWWDDWWLWLWWWDLLLWDWLWWWDWWWWDDD,2025-07-27 14:09:22.446667
176,78,2023,VfL Bochum,36,18,18,8,5,3,12,8,4,16,5,11,45,26,19,1.3,1.4,1.1,77,32,45,2.1,1.8,2.5,5,2,3,9,2,7,LDDDLLDLDWDDWLWLDWLDDWLLLLDLDLWWLLLW,2025-07-27 14:09:22.446748
180,78,2023,1. FC Heidenheim,34,17,17,10,7,3,12,5,7,12,5,7,50,30,20,1.5,1.8,1.2,55,26,29,1.6,1.5,1.7,6,4,2,5,2,3,LLDWLWLLLWLDLWWWDDDDWLDLLDDWDLWDDW,2025-07-27 14:09:22.446820
181,78,2023,SV Darmstadt 98,34,17,17,3,1,2,8,3,5,23,13,10,30,15,15,0.9,0.9,0.9,86,44,42,2.5,2.6,2.5,3,1,2,17,9,8,LLLDLWWLLLDDLLLDLDLLDLDLLLDLLWLLLL,2025-07-27 14:09:22.446872
182,78,2023,Union Berlin,34,17,17,9,7,2,6,2,4,19,8,11,33,22,11,1.0,1.3,0.6,58,30,28,1.7,1.8,1.6,7,3,4,17,6,11,WWLLLLLLLLLDWLWDLWLDWWDLLWDLLLDLLW,2025-07-27 14:09:22.446927
192,78,2023,1.FC Köln,34,17,17,5,4,1,12,4,8,17,9,8,28,15,13,0.8,0.9,0.8,60,28,32,1.8,1.6,1.9,4,3,1,14,8,6,LLDLLLLWLDDLWDLLDLDWDLDLDLDWLLDDWL,2025-07-27 14:09:22.447016
