team_id,league_id,season,team_name,matches_played_total,matches_played_home,matches_played_away,wins_total,wins_home,wins_away,draws_total,draws_home,draws_away,losses_total,losses_home,losses_away,goals_for_total,goals_for_home,goals_for_away,goals_for_avg_total,goals_for_avg_home,goals_for_avg_away,goals_against_total,goals_against_home,goals_against_away,goals_against_avg_total,goals_against_avg_home,goals_against_avg_away,clean_sheets_total,clean_sheets_home,clean_sheets_away,failed_to_score_total,failed_to_score_home,failed_to_score_away,form,extracted_at
77,61,2022,Angers,38,19,19,4,3,1,6,3,3,28,13,15,33,20,13,0.9,1.1,0.7,81,36,45,2.1,1.9,2.4,4,2,2,13,3,10,DDLLLLWWLLLLLLLLLLLLLDDLLLLLDWLLLLLDWL,2025-07-27 14:09:22.451647
79,61,2022,Lille,38,19,19,19,13,6,10,4,6,9,2,7,65,40,25,1.7,2.1,1.3,44,25,19,1.2,1.3,1.0,10,5,5,7,1,6,WDLWLWLWLWWWLDWWDDWLDWWLWDDWWLWDWLDWWD,2025-07-27 14:09:22.451744
80,61,2022,Lyon,38,19,19,18,10,8,8,5,3,12,4,8,65,35,30,1.7,1.8,1.6,47,19,28,1.2,1.0,1.5,8,5,3,7,4,3,WWDWWLLLLDLWWLDWLDLWDWWLWDDDWWWLWWLWWL,2025-07-27 14:09:22.451816
81,61,2022,Marseille,38,19,19,22,10,12,7,4,3,9,5,4,67,35,32,1.8,1.8,1.7,40,24,16,1.1,1.3,0.8,10,2,8,5,2,3,WDWWWWWDWLLLDWWWWWWDWLWWLWDWDDWWWLWLLL,2025-07-27 14:09:22.451872
82,61,2022,Montpellier,38,19,19,15,7,8,5,3,2,18,9,9,65,29,36,1.7,1.5,1.9,62,29,33,1.6,1.5,1.7,11,4,7,5,2,3,WLLWWLLWLLLLLDDWLLLWLLWWDWWWDLLWWLDWLW,2025-07-27 14:09:22.451937
83,61,2022,Nantes,38,19,19,7,5,2,15,8,7,16,6,10,37,20,17,1.0,1.1,0.9,55,26,29,1.4,1.4,1.5,11,5,6,15,8,7,DDLWDLLDLLWDDLDDWDWDLWWLLLDDLDLDLLDLLW,2025-07-27 14:09:22.452015
84,61,2022,Nice,38,19,19,15,7,8,13,7,6,10,5,5,48,24,24,1.3,1.3,1.3,37,18,19,1.0,0.9,1.0,11,6,5,11,7,4,DDLLWLWLLWDDWWDDLWDWWWWDWDDDDLLLWWLDWW,2025-07-27 14:09:22.452076
85,61,2022,Paris Saint Germain,38,19,19,27,13,14,4,2,2,7,4,3,89,45,44,2.3,2.4,2.3,40,25,15,1.1,1.3,0.8,13,5,8,4,2,2,WWWDWWWWWDWWWWWWLWLDWWLWWWWLLWWWLWWWDL,2025-07-27 14:09:22.452134
91,61,2022,Monaco,38,19,19,19,9,10,8,3,5,11,7,4,70,37,33,1.8,1.9,1.7,58,33,25,1.5,1.7,1.3,9,3,6,6,4,2,WDLDLWWWWWDLWWLWWDWDWWWWLDLWWDWLLWDLLL,2025-07-27 14:09:22.452192
93,61,2022,Reims,38,19,19,12,8,4,15,6,9,11,5,6,45,28,17,1.2,1.5,0.9,45,23,22,1.2,1.2,1.2,14,7,7,12,4,8,LLDDWDLLDDDWDWDWDWDDWDWDWWWLWDLLLWLDLL,2025-07-27 14:09:22.452248
94,61,2022,Rennes,38,19,19,21,15,6,5,0,5,12,4,8,69,43,26,1.8,2.3,1.4,39,14,25,1.0,0.7,1.3,13,9,4,5,3,2,LDWLWDWDWWWWWDWLWLWLWLLWWLDWLLWLWLWWWW,2025-07-27 14:09:22.452302
95,61,2022,Strasbourg,38,19,19,9,5,4,13,7,6,16,7,9,51,25,26,1.3,1.3,1.4,59,26,33,1.6,1.4,1.7,6,4,2,6,3,3,LDDLDDDLLWLDDLDLLDWLLWLWDLDWLLWWLWWDDL,2025-07-27 14:09:22.452360
96,61,2022,Toulouse,38,19,19,13,6,7,9,6,3,16,7,9,51,27,24,1.3,1.4,1.3,57,27,30,1.5,1.4,1.6,9,3,6,11,6,5,DWDLLLWLWDWDLLLLWWDWWLWLLLWLLWLWLDDDDW,2025-07-27 14:09:22.452428
97,61,2022,Lorient,38,19,19,15,9,6,10,4,6,13,6,7,52,26,26,1.4,1.4,1.4,53,21,32,1.4,1.1,1.7,8,5,3,9,6,3,WDWLWWWWWWDDLLDLWDLWLDLWLDWDLDLLWWDLLW,2025-07-27 14:09:22.452487
98,61,2022,Ajaccio,38,19,19,7,4,3,5,3,2,26,12,14,23,10,13,0.6,0.5,0.7,74,30,44,1.9,1.6,2.3,6,5,1,22,13,9,LDLLLLLWLWDLLWDWLLLLWLLLWLLLLLLDLDLLLW,2025-07-27 14:09:22.452567
99,61,2022,Clermont Foot,38,19,19,17,9,8,8,3,5,13,7,6,45,20,25,1.2,1.1,1.3,49,28,21,1.3,1.5,1.1,10,5,5,10,6,4,LWWLLWDLWWDLDDLLWWWDDLLLDWLLWWWWWDWLWW,2025-07-27 14:09:22.452649
106,61,2022,Stade Brestois 29,38,19,19,11,7,4,11,5,6,16,7,9,44,24,20,1.2,1.3,1.1,54,26,28,1.4,1.4,1.5,9,6,3,10,4,6,LDWLLDLLDLLWDLWLLDDWDDLLLWLDWDWDWLWWWL,2025-07-27 14:09:22.452736
108,61,2022,Auxerre,38,19,19,8,5,3,11,7,4,19,7,12,35,18,17,0.9,0.9,0.9,63,28,35,1.7,1.5,1.8,7,5,2,11,5,6,LDWWLLLLDLDLWDLLLLLLLDDWWDDLWWWDLDLLDL,2025-07-27 14:09:22.452809
110,61,2022,Estac Troyes,38,19,19,4,1,3,12,11,1,22,7,15,45,19,26,1.2,1.0,1.4,81,30,51,2.1,1.6,2.7,1,1,0,11,6,5,LLLWWDLWDLDDLDLDWLLDLLLLLDLDLLLDLLLDLD,2025-07-27 14:09:22.452871
116,61,2022,Lens,38,19,19,25,17,8,9,1,8,4,1,3,68,41,27,1.8,2.2,1.4,29,13,16,0.8,0.7,0.8,15,8,7,5,1,4,WDWWWDWDWLWWWWWDWDWDLDLWDDWWWWLWWWWWWW,2025-07-27 14:09:22.452925
