team_id,league_id,season,team_name,matches_played_total,matches_played_home,matches_played_away,wins_total,wins_home,wins_away,draws_total,draws_home,draws_away,losses_total,losses_home,losses_away,goals_for_total,goals_for_home,goals_for_away,goals_for_avg_total,goals_for_avg_home,goals_for_avg_away,goals_against_total,goals_against_home,goals_against_away,goals_against_avg_total,goals_against_avg_home,goals_against_avg_away,clean_sheets_total,clean_sheets_home,clean_sheets_away,failed_to_score_total,failed_to_score_home,failed_to_score_away,form,extracted_at
413,88,2020,NEC Nijmegen,3,1,2,3,1,2,0,0,0,0,0,0,9,3,6,3.0,3.0,3.0,1,0,1,0.3,0.0,0.5,2,1,1,0,0,0,WWW,2025-07-27 14:09:22.455870
414,88,2020,Roda,2,0,2,1,0,1,0,0,0,1,0,1,3,0,3,1.5,0.0,1.5,5,0,5,2.5,0.0,2.5,0,0,0,1,0,1,WL,2025-07-27 14:09:22.455953
415,88,2020,Twente,34,17,17,10,4,6,11,6,5,13,7,6,48,23,25,1.4,1.4,1.5,50,25,25,1.5,1.5,1.5,6,2,4,9,4,5,WDWDWLWWDLWLWLWLDLDDLWDDDLDLLLLDLW,2025-07-27 14:09:22.456035
416,88,2020,FC Volendam,1,0,1,0,0,0,0,0,0,1,0,1,1,0,1,1.0,0.0,1.0,4,0,4,4.0,0.0,4.0,0,0,0,0,0,0,L,2025-07-27 14:09:22.456115
417,88,2020,Waalwijk,34,17,17,7,5,2,9,4,5,18,8,10,33,21,12,1.0,1.2,0.7,55,25,30,1.6,1.5,1.8,5,2,3,12,4,8,LLLWDDLLDWWLLLLDDLLDDWWDLLWLLLLDWL,2025-07-27 14:09:22.456193
419,88,2020,Almere City FC,1,1,0,0,0,0,0,0,0,1,1,0,0,0,0,0.0,0.0,0.0,4,4,0,4.0,4.0,0.0,0,0,0,1,1,0,L,2025-07-27 14:09:22.456285
426,88,2020,Sparta Rotterdam,35,17,18,13,6,7,8,4,4,14,7,7,49,30,19,1.4,1.8,1.1,50,27,23,1.4,1.6,1.3,10,6,4,11,5,6,LLLDDDLWWLWWLWLWLLDDLLLDWWDWLWWWDWL,2025-07-27 14:09:22.456365
193,88,2020,PEC Zwolle,34,17,17,9,6,3,11,6,5,14,5,9,44,19,25,1.3,1.1,1.5,53,18,35,1.6,1.1,2.1,7,5,2,10,7,3,LDWLDDLDDDWLDWDLLWDDDLLWLLWLWWLLLW,2025-07-27 14:09:22.456429
194,88,2020,Ajax,34,17,17,28,14,14,4,2,2,2,1,1,102,53,49,3.0,3.1,2.9,23,14,9,0.7,0.8,0.5,16,7,9,1,0,1,WWWLWWWWWWLWWDDWWWWWWWDWWWWWDWWWWW,2025-07-27 14:09:22.456500
195,88,2020,Willem II,34,17,17,8,6,2,7,2,5,19,9,10,40,22,18,1.2,1.3,1.1,68,33,35,2.0,1.9,2.1,6,3,3,11,4,7,LWDLLDLLWLLLLDLLDLLWLLDWDWDLLWLLWW,2025-07-27 14:09:22.456575
197,88,2020,PSV Eindhoven,34,17,17,21,13,8,9,3,6,4,1,3,74,39,35,2.2,2.3,2.1,35,13,22,1.0,0.8,1.3,12,8,4,1,0,1,WWDWWLWWDWDWWWDLWWWLWDWDWDLWWWDWWD,2025-07-27 14:09:22.456659
198,88,2020,ADO Den Haag,34,17,17,4,1,3,10,6,4,20,10,10,29,17,12,0.9,1.0,0.7,76,38,38,2.2,2.2,2.2,5,2,3,14,6,8,LLLWLDLLLDDDLLWLLDLDDLDDLLLLDLWWLL,2025-07-27 14:09:22.456740
199,88,2020,De Graafschap,1,1,0,0,0,0,0,0,0,1,1,0,2,2,0,2.0,2.0,0.0,3,3,0,3.0,3.0,0.0,0,0,0,0,0,0,L,2025-07-27 14:09:22.456825
200,88,2020,Vitesse,34,17,17,18,11,7,7,4,3,9,2,7,52,26,26,1.5,1.5,1.5,38,12,26,1.1,0.7,1.5,12,8,4,6,3,3,WWLWWWWWDWLDWLWWWWLDLLLWWWDWDDWLDL,2025-07-27 14:09:22.456893
201,88,2020,AZ Alkmaar,34,17,17,21,12,9,8,2,6,5,3,2,75,39,36,2.2,2.3,2.1,41,18,23,1.2,1.1,1.4,10,6,4,4,2,2,DDDDDWWWWLWWWDDWWWLLWWWWLWWWWLWWDW,2025-07-27 14:09:22.456949
202,88,2020,Groningen,35,17,18,14,7,7,8,6,2,13,4,9,40,17,23,1.1,1.0,1.3,38,13,25,1.1,0.8,1.4,12,9,3,11,5,6,LWLWDWWLDWWWWLDWDLWLWDDWLDLWLLLWDLL,2025-07-27 14:09:22.457016
203,88,2020,NAC Breda,3,2,1,1,1,0,1,0,1,1,1,0,6,5,1,2.0,2.5,1.0,4,3,1,1.3,1.5,1.0,0,0,0,0,0,0,WDL,2025-07-27 14:09:22.457099
204,88,2020,VVV Venlo,34,17,17,6,3,3,5,4,1,23,10,13,43,20,23,1.3,1.2,1.4,91,46,45,2.7,2.7,2.6,1,0,1,10,6,4,WDLLDLLWLDLLLLWWDWWLLLLLLLLLLLLDLL,2025-07-27 14:09:22.457178
205,88,2020,Fortuna Sittard,34,17,17,12,5,7,5,3,2,17,9,8,50,27,23,1.5,1.6,1.4,58,33,25,1.7,1.9,1.5,4,2,2,9,3,6,LLDLDLLDLLWWDWWLWLWWLWWLLWLLLWWLDL,2025-07-27 14:09:22.457251
206,88,2020,Heracles,34,17,17,12,8,4,8,4,4,14,5,9,42,29,13,1.2,1.7,0.8,53,16,37,1.6,0.9,2.2,9,6,3,11,3,8,WLDLLDWLLLDLWWLWLWDWWLLDWWDLWLWDDL,2025-07-27 14:09:22.457324
207,88,2020,Utrecht,36,18,18,14,7,7,14,7,7,8,4,4,53,28,25,1.5,1.6,1.4,43,25,18,1.2,1.4,1.0,9,3,6,7,2,5,DWDDWLLDDDLDWDDLWWWDWWLWLWWLDWWDDDWL,2025-07-27 14:09:22.457392
208,88,2020,Emmen,35,18,17,7,4,3,10,5,5,18,9,9,41,27,14,1.2,1.5,0.8,69,42,27,2.0,2.3,1.6,4,0,4,12,4,8,LLDDDLLLLLLDDLLLLDLLLLWWDDDWWWLLWWD,2025-07-27 14:09:22.457460
209,88,2020,Feyenoord,36,19,17,18,11,7,11,6,5,7,2,5,68,39,29,1.9,2.1,1.7,36,13,23,1.0,0.7,1.4,15,11,4,7,3,4,WDWWDDWWWDDWLWWWLLLWWDDLWDDWWDLLDWWW,2025-07-27 14:09:22.457537
210,88,2020,Heerenveen,34,17,17,9,6,3,12,5,7,13,6,7,43,22,21,1.3,1.3,1.2,49,18,31,1.4,1.1,1.8,10,8,2,7,4,3,WWWDLWWLDDDDLLLDDLWDWLDLWLDLWLDDLL,2025-07-27 14:09:22.457594
