team_id,league_id,season,team_name,matches_played_total,matches_played_home,matches_played_away,wins_total,wins_home,wins_away,draws_total,draws_home,draws_away,losses_total,losses_home,losses_away,goals_for_total,goals_for_home,goals_for_away,goals_for_avg_total,goals_for_avg_home,goals_for_avg_away,goals_against_total,goals_against_home,goals_against_away,goals_against_avg_total,goals_against_avg_home,goals_against_avg_away,clean_sheets_total,clean_sheets_home,clean_sheets_away,failed_to_score_total,failed_to_score_home,failed_to_score_away,form,extracted_at
130,71,2024,Gremio,38,19,19,12,9,3,9,2,7,17,8,9,44,26,18,1.2,1.4,0.9,50,26,24,1.3,1.4,1.3,8,5,3,12,5,7,LWWLLLLLLDWDLLLWDWWWLWLDWLDWLLWDLDDWDL,2025-07-27 14:09:22.488051
131,71,2024,Corinthians,38,19,19,15,10,5,11,8,3,12,1,11,54,37,17,1.4,1.9,0.9,45,18,27,1.2,0.9,1.4,10,6,4,12,3,9,DLLWDLLDDLDDLWLLWWDLDDDLWLWLDWWWWWWWWW,2025-07-27 14:09:22.488111
133,71,2024,Vasco DA Gama,38,19,19,14,10,4,8,5,3,16,4,12,43,29,14,1.1,1.5,0.7,56,24,32,1.5,1.3,1.7,8,6,2,12,4,8,WLLLLWLLDLWLDWWWWLLDWDWWDLDDLWWLLLLDWW,2025-07-27 14:09:22.488171
134,71,2024,Atletico Paranaense,38,19,19,11,7,4,9,4,5,18,8,10,40,24,16,1.1,1.3,0.8,46,21,25,1.2,1.1,1.3,9,6,3,11,3,8,WLWDWWLWDDDLWLWLLWLDLLLDDLLLLWLLWWDDLL,2025-07-27 14:09:22.488236
135,71,2024,Cruzeiro,38,19,19,14,10,4,10,5,5,14,4,10,43,29,14,1.1,1.5,0.7,41,16,25,1.1,0.8,1.3,12,6,6,13,4,9,WDLWWLWDWLWLLWWWLWWLDDLDWLDDLDLLWLDDLW,2025-07-27 14:09:22.488297
136,71,2024,Vitoria,38,19,19,13,8,5,8,3,5,17,8,9,45,23,22,1.2,1.2,1.2,52,23,29,1.4,1.2,1.5,9,4,5,8,5,3,LDLLLLDDWWLWLLWLLLLWWLDLLWWLDWWWLWDWDD,2025-07-27 14:09:22.488348
140,71,2024,Criciuma,38,19,19,9,5,4,11,8,3,18,6,12,42,22,20,1.1,1.2,1.1,61,27,34,1.6,1.4,1.8,6,4,2,9,4,5,DDWLLLDWWLDWLDLLDWWLDLWLLDWLWDDLLLDLLL,2025-07-27 14:09:22.488397
144,71,2024,Atletico Goianiense,38,19,19,7,5,2,9,5,4,22,9,13,29,16,13,0.8,0.8,0.7,58,24,34,1.5,1.3,1.8,7,5,2,16,7,9,LLLDLWLDWLDDDLLLLLDLLLWWLLLWLDLWDLLDWL,2025-07-27 14:09:22.488459
152,71,2024,Juventude,38,19,19,11,8,3,12,6,6,15,5,10,48,27,21,1.3,1.4,1.1,59,24,35,1.6,1.3,1.8,6,5,1,7,3,4,DWLDDWDLWLWLLWDDLLDWLWLLDWLDDLLLWDDWWL,2025-07-27 14:09:22.488522
154,71,2024,Fortaleza EC,38,19,19,19,14,5,11,5,6,8,0,8,53,32,21,1.4,1.7,1.1,39,8,31,1.0,0.4,1.6,13,11,2,7,1,6,WDDDDWLLWDWWLWWWWDWWWWWLLDWWLDDWWDDLLW,2025-07-27 14:09:22.488587
794,71,2024,RB Bragantino,38,19,19,10,8,2,14,7,7,14,4,10,44,27,17,1.2,1.4,0.9,48,19,29,1.3,1.0,1.5,6,4,2,10,4,6,DWWDDLWLWLWLDWLLWLDDLLLWDLDDDLLDDDLDWW,2025-07-27 14:09:22.488649
1062,71,2024,Atletico-MG,38,19,19,11,7,4,14,7,7,13,5,8,47,27,20,1.2,1.4,1.1,54,26,28,1.4,1.4,1.5,9,5,4,11,3,8,DDWWDDWLLDWDLLWDWWLDDLWLWLDWDLLDLDDLLW,2025-07-27 14:09:22.488707
1193,71,2024,Cuiaba,38,19,19,6,3,3,12,5,7,20,11,9,29,16,13,0.8,0.8,0.7,49,23,26,1.3,1.2,1.4,10,6,4,20,9,11,LLLLLDWLWWDDDLDWLLLLDLWDLDLWDLLDDLDLLL,2025-07-27 14:09:22.488763
118,71,2024,Bahia,38,19,19,15,11,4,8,3,5,15,5,10,49,25,24,1.3,1.3,1.3,49,15,34,1.3,0.8,1.8,10,9,1,7,4,3,LWDWWWDWDLWWLWLWLLDDLWWDLWLWLDLLLLDWLW,2025-07-27 14:09:22.488820
119,71,2024,Internacional,38,19,19,18,11,7,11,5,6,9,3,6,53,30,23,1.4,1.6,1.2,36,15,21,0.9,0.8,1.1,12,7,5,7,2,5,WWLDWDLWWLDDLLDDDWLWDWWWWDWDWWDWWWWLLL,2025-07-27 14:09:22.488880
120,71,2024,Botafogo,38,19,19,23,12,11,10,5,5,5,2,3,59,31,28,1.6,1.6,1.5,29,13,16,0.8,0.7,0.8,18,9,9,5,3,2,LWWWLDWWWDLWDWWWWWDLWLWDWWWDWDWWDDDWWW,2025-07-27 14:09:22.488947
121,71,2024,Palmeiras,38,19,19,22,12,10,7,2,5,9,5,4,60,34,26,1.6,1.8,1.4,33,16,17,0.9,0.8,0.9,16,8,8,11,5,6,WLDDWLWWWWWLWDWWLWLLDDWWWWWWDWDLWWWLWL,2025-07-27 14:09:22.489027
124,71,2024,Fluminense,38,19,19,12,7,5,10,8,2,16,4,12,33,20,13,0.9,1.1,0.7,39,16,23,1.0,0.8,1.2,13,8,5,13,5,8,DLWLDLDLLLLLLDLDWWWWLDWWLLLWWWLDLDDDWW,2025-07-27 14:09:22.489120
126,71,2024,Sao Paulo,38,19,19,17,12,5,8,3,5,13,4,9,53,31,22,1.4,1.6,1.2,43,18,25,1.1,0.9,1.3,12,7,5,7,2,5,LLWDWWWDDLLWWWWLWDDLWWLWLWLWLWDWWDDLLL,2025-07-27 14:09:22.489204
127,71,2024,Flamengo,38,19,19,20,11,9,10,5,5,8,3,5,61,30,31,1.6,1.6,1.6,42,21,21,1.1,1.1,1.1,10,4,6,6,3,3,WWDLDWWWDWWLWWDLWWWLDLWLDLWWLWDWDWDWWD,2025-07-27 14:09:22.489263
