team_id,league_id,season,team_name,matches_played_total,matches_played_home,matches_played_away,wins_total,wins_home,wins_away,draws_total,draws_home,draws_away,losses_total,losses_home,losses_away,goals_for_total,goals_for_home,goals_for_away,goals_for_avg_total,goals_for_avg_home,goals_for_avg_away,goals_against_total,goals_against_home,goals_against_away,goals_against_avg_total,goals_against_avg_home,goals_against_avg_away,clean_sheets_total,clean_sheets_home,clean_sheets_away,failed_to_score_total,failed_to_score_home,failed_to_score_away,form,extracted_at
15130,94,2023,Estrela,34,17,17,7,6,1,12,3,9,15,8,7,33,22,11,1.0,1.3,0.6,53,27,26,1.6,1.6,1.5,7,3,4,13,4,9,LLWDLDLWWLLDWDLDDLLLWLDLWDLDDDLDLW,2025-07-27 14:09:22.469336
810,94,2023,Vizela,34,17,17,5,3,2,11,5,6,18,9,9,36,20,16,1.1,1.2,0.9,66,32,34,1.9,1.9,2.0,8,4,4,11,6,5,LDLWLDLDLWDLLDDDLLLLWLDDWLLLLLDLWD,2025-07-27 14:09:22.469417
211,94,2023,Benfica,34,17,17,25,15,10,5,2,3,4,0,4,77,48,29,2.3,2.8,1.7,28,7,21,0.8,0.4,1.2,16,10,6,3,0,3,LWWWWWWWDWWDDWWWWWWWDWWLWWWLWWWLWD,2025-07-27 14:09:22.469494
212,94,2023,FC Porto,34,17,17,22,11,11,6,4,2,6,2,4,63,35,28,1.9,2.1,1.6,27,13,14,0.8,0.8,0.8,13,7,6,5,2,3,WWWDWWLWWLWWWLWDWWWDLWDWWWLLDWDWWW,2025-07-27 14:09:22.469570
215,94,2023,Moreirense,34,17,17,16,8,8,7,4,3,11,5,6,36,20,16,1.1,1.2,0.9,35,18,17,1.0,1.1,1.0,16,8,8,12,4,8,LDWLLWWDWWWDDWDLWLWLWLWDLWLDLLWWWW,2025-07-27 14:09:22.469647
216,94,2023,Portimonense,36,18,18,8,3,5,8,6,2,20,9,11,41,19,22,1.1,1.1,1.2,76,33,43,2.1,1.8,2.4,3,3,0,12,4,8,LLDDWLWLWLWLDLLLWLWLLDLDLLLWDDLLDWLL,2025-07-27 14:09:22.469727
217,94,2023,SC Braga,34,17,17,21,10,11,5,3,2,8,4,4,71,33,38,2.1,1.9,2.2,50,20,30,1.5,1.2,1.8,6,2,4,6,3,3,LWDWLWWWDWWWWLWDLWDWLWWWDWWLWWLWWL,2025-07-27 14:09:22.469803
21595,94,2023,AVS,2,1,1,2,1,1,0,0,0,0,0,0,4,2,2,2.0,2.0,2.0,2,1,1,1.0,1.0,1.0,0,0,0,0,0,0,WW,2025-07-27 14:09:22.469883
222,94,2023,Boavista,34,17,17,7,4,3,11,8,3,16,5,11,39,21,18,1.1,1.2,1.1,62,30,32,1.8,1.8,1.9,3,2,1,10,4,6,WWDWWLDDLLLLLDLDWLLDWLLDWLDLLDLDLD,2025-07-27 14:09:22.469985
223,94,2023,Chaves,34,17,17,5,3,2,8,4,4,21,10,11,31,21,10,0.9,1.2,0.6,72,37,35,2.1,2.2,2.1,4,1,3,14,5,9,LLLLLDWWLLLWLLLDLDDDLWDLDLLLWDLLLL,2025-07-27 14:09:22.470060
224,94,2023,Guimaraes,34,17,17,19,11,8,6,2,4,9,4,5,52,31,21,1.5,1.8,1.2,38,18,20,1.1,1.1,1.2,10,7,3,6,1,5,WWWLLDWWWLLWWDWDWWLWDDLWWWWWDLWLLW,2025-07-27 14:09:22.470134
226,94,2023,Rio Ave,34,17,17,6,6,0,19,8,11,9,3,6,38,25,13,1.1,1.5,0.8,43,20,23,1.3,1.2,1.4,10,6,4,9,2,7,WLLDDLLLLWDDDDLWLDDDWLDDDDDWDDDWDD,2025-07-27 14:09:22.470210
228,94,2023,Sporting CP,34,17,17,29,17,12,3,0,3,2,0,2,96,57,39,2.8,3.4,2.3,29,11,18,0.9,0.6,1.1,16,9,7,0,0,0,WWWDWWWWWWLWLWWWWWWWWDWWWWWWWWDWWW,2025-07-27 14:09:22.470288
230,94,2023,Estoril,34,17,17,9,8,1,6,1,5,19,8,11,49,25,24,1.4,1.5,1.4,58,18,40,1.7,1.1,2.4,10,8,2,5,3,2,LWLLLDLLLWWLWDWLLLDWLLDLLWWDLDWLLL,2025-07-27 14:09:22.470366
231,94,2023,Farense,34,17,17,10,6,4,7,4,3,17,7,10,46,24,22,1.4,1.4,1.3,51,23,28,1.5,1.4,1.6,7,6,1,9,4,5,LLWLWLLDWWWLDDLWLWLDDLLLLDLWDLWWLL,2025-07-27 14:09:22.470450
4716,94,2023,Casa Pia,34,17,17,10,3,7,8,5,3,16,9,7,38,10,28,1.1,0.6,1.6,50,18,32,1.5,1.1,1.9,10,6,4,13,9,4,WLDDWDLLDLLWLWLWLLLDLWWDLLWDDLWLLW,2025-07-27 14:09:22.470530
240,94,2023,Arouca,34,17,17,13,7,6,7,3,4,14,7,7,54,26,28,1.6,1.5,1.6,50,26,24,1.5,1.5,1.4,5,3,2,12,7,5,WDDDLLLLLLLWDWWLLWWWWLWWLLWWWDDDLL,2025-07-27 14:09:22.470613
242,94,2023,Famalicao,34,17,17,10,6,4,12,6,6,12,5,7,37,21,16,1.1,1.2,0.9,41,21,20,1.2,1.2,1.2,8,5,3,11,4,7,WDLWDWDLLWDLDDLDWLLDWLDLDWWDLDLWWL,2025-07-27 14:09:22.470685
762,94,2023,GIL Vicente,34,17,17,9,6,3,9,7,2,16,4,12,42,28,14,1.2,1.6,0.8,52,22,30,1.5,1.3,1.8,9,6,3,10,3,7,WLLLWLWLDLDLDLWLDWWLLWDDDLLLLWDDWL,2025-07-27 14:09:22.470752
