team_id,league_id,season,team_name,matches_played_total,matches_played_home,matches_played_away,wins_total,wins_home,wins_away,draws_total,draws_home,draws_away,losses_total,losses_home,losses_away,goals_for_total,goals_for_home,goals_for_away,goals_for_avg_total,goals_for_avg_home,goals_for_avg_away,goals_against_total,goals_against_home,goals_against_away,goals_against_avg_total,goals_against_avg_home,goals_against_avg_away,clean_sheets_total,clean_sheets_home,clean_sheets_away,failed_to_score_total,failed_to_score_home,failed_to_score_away,form,extracted_at
128,71,2021,Santos,38,19,19,12,9,3,14,6,8,12,4,8,35,21,14,0.9,1.1,0.7,40,14,26,1.1,0.7,1.4,17,11,6,16,8,8,LWDLWDWDLWLDLWDDDLLDDLDWLDLWWLWDWLWDWD,2025-07-27 14:09:22.484199
129,71,2021,Ceara,38,19,19,11,10,1,17,7,10,10,2,8,39,24,15,1.0,1.3,0.8,38,14,24,1.0,0.7,1.3,15,9,6,12,4,8,WLDLDWDDWDDWDWDLDLLDWDLDDLDDWWLWWDWLDL,2025-07-27 14:09:22.484255
130,71,2021,Gremio,38,19,19,12,8,4,7,6,1,19,5,14,44,29,15,1.2,1.5,0.8,51,21,30,1.3,1.1,1.6,10,7,3,13,5,8,LLLDDLLLDWDLWLWWLWWLLDLLWLLLLWLWWDLWDW,2025-07-27 14:09:22.484322
131,71,2021,Corinthians,38,19,19,15,10,5,12,5,7,11,4,7,40,26,14,1.1,1.4,0.7,36,18,18,0.9,0.9,0.9,12,6,6,10,2,8,LWDLDWDDDWLLWLDWWWDDDWDWLWLDWWLWLWLWDL,2025-07-27 14:09:22.484373
132,71,2021,Chapecoense-sc,38,19,19,1,0,1,12,6,6,25,13,12,27,13,14,0.7,0.7,0.7,67,32,35,1.8,1.7,1.8,3,1,2,18,9,9,LLDDDLDLLLLLLLLDDDLWLLDDLDLLLDDLLLLLLL,2025-07-27 14:09:22.484426
134,71,2021,Atletico Paranaense,38,19,19,13,8,5,8,5,3,17,6,11,41,23,18,1.1,1.2,0.9,45,21,24,1.2,1.1,1.3,9,4,5,15,7,8,WWWWLDWWLDLWLLLLLDLWWLWLDLLLDWWLLDLWDD,2025-07-27 14:09:22.484490
144,71,2021,Atletico Goianiense,38,19,19,13,6,7,14,10,4,11,3,8,33,17,16,0.9,0.9,0.8,36,14,22,0.9,0.7,1.2,16,8,8,14,7,7,WWDLWLLWDDLLWDDWDDDLDWLDLWWLLLDDDDWWWW,2025-07-27 14:09:22.484552
152,71,2021,Juventude,38,19,19,11,9,2,13,6,7,14,4,10,36,19,17,0.9,1.0,0.9,44,15,29,1.2,0.8,1.5,12,10,2,10,4,6,DLDLWDWWLLDLWLWDDDDLLWDLDLLDDWWWLDWLLW,2025-07-27 14:09:22.484615
154,71,2021,Fortaleza EC,38,19,19,17,11,6,7,4,3,14,4,10,44,26,18,1.2,1.4,0.9,45,19,26,1.2,1.0,1.4,14,9,5,12,5,7,WWWDDLDWLWWWWLWDDDLLLWLWLWWWLLDLLWLWLW,2025-07-27 14:09:22.484674
794,71,2021,RB Bragantino,38,19,19,14,7,7,14,9,5,10,3,7,55,28,27,1.4,1.5,1.4,46,20,26,1.2,1.1,1.4,11,7,4,8,2,6,WDDWWWWDWDDDLWDLWDLDLDDWWDDWWLLLWLDLLW,2025-07-27 14:09:22.484742
1062,71,2021,Atletico-MG,38,19,19,26,17,9,6,1,5,6,1,5,67,42,25,1.8,2.2,1.3,34,13,21,0.9,0.7,1.1,16,9,7,3,0,3,LWWWDLLWWWWWWWWWDDWWDWDWWLWLWWWWWDWWWL,2025-07-27 14:09:22.484834
1193,71,2021,Cuiaba,38,19,19,10,7,3,17,6,11,11,6,5,34,18,16,0.9,0.9,0.8,37,20,17,1.0,1.1,0.9,15,7,8,16,6,10,DLDDDLLDDWWLDDWLWDWWDDLDDWDLWDLLWDLLWD,2025-07-27 14:09:22.484920
118,71,2021,Bahia,38,19,19,11,8,3,10,5,5,17,6,11,42,27,15,1.1,1.4,0.8,51,22,29,1.3,1.2,1.5,13,8,5,16,6,10,WDLWDWLLWWLLLLDLLLWDDLLWDDWDDWLLDWLLWL,2025-07-27 14:09:22.485001
119,71,2021,Internacional,38,19,19,12,8,4,12,6,6,14,5,9,44,29,15,1.2,1.5,0.8,42,22,20,1.1,1.2,1.1,11,5,6,12,3,9,DLWLDWDLDLDWLDWWDDWWWLDWWLDDLWLWLLLDLL,2025-07-27 14:09:22.485087
121,71,2021,Palmeiras,38,19,19,20,11,9,6,3,3,12,5,7,58,33,25,1.5,1.7,1.3,43,26,17,1.1,1.4,0.9,13,5,8,8,2,6,LWDWWLWWWWWWWDLLLWLWLDLLDWWWWWWLLLDWDW,2025-07-27 14:09:22.485168
123,71,2021,Sport Recife,38,19,19,9,5,4,11,7,4,18,7,11,24,13,11,0.6,0.7,0.6,37,13,24,1.0,0.7,1.3,14,9,5,20,10,10,DLLWLLDDLDLWDWDLLDDLLLWWWLDLLWLLLWLDWD,2025-07-27 14:09:22.485237
124,71,2021,Fluminense,38,19,19,15,11,4,9,5,4,14,3,11,38,24,14,1.0,1.3,0.7,38,14,24,1.0,0.7,1.3,12,9,3,14,4,10,DWDWDLDLWDWLLLLDWDWWDWLDLWWLLWLWLWWLLW,2025-07-27 14:09:22.485298
125,71,2021,America Mineiro,38,19,19,13,9,4,14,6,8,11,4,7,41,22,19,1.1,1.2,1.0,37,11,26,1.0,0.6,1.4,13,9,4,14,7,7,LLLDLDDWWLLLDDWDLWWDDDWWDLDWWLWWDLDWDW,2025-07-27 14:09:22.485366
126,71,2021,Sao Paulo,38,19,19,11,7,4,15,9,6,12,3,9,31,18,13,0.8,0.9,0.7,39,15,24,1.0,0.8,1.3,14,9,5,16,7,9,DLLDLDDDLWWLLDWWWDLWDDDDDDWLWLDLWDWLWL,2025-07-27 14:09:22.485417
127,71,2021,Flamengo,38,19,19,21,13,8,8,1,7,9,5,4,69,31,38,1.8,1.6,2.0,36,15,21,0.9,0.8,1.1,14,9,5,7,5,2,WWLWLWLLWWWWLWDWWLDWDWWDLWDWDWWWWDWDLL,2025-07-27 14:09:22.485468
