team_id,league_id,season,team_name,matches_played_total,matches_played_home,matches_played_away,wins_total,wins_home,wins_away,draws_total,draws_home,draws_away,losses_total,losses_home,losses_away,goals_for_total,goals_for_home,goals_for_away,goals_for_avg_total,goals_for_avg_home,goals_for_avg_away,goals_against_total,goals_against_home,goals_against_away,goals_against_avg_total,goals_against_avg_home,goals_against_avg_away,clean_sheets_total,clean_sheets_home,clean_sheets_away,failed_to_score_total,failed_to_score_home,failed_to_score_away,form,extracted_at
128,71,2023,Santos,38,19,19,11,6,5,10,7,3,17,6,11,39,26,13,1.0,1.4,0.7,64,28,36,1.7,1.5,1.9,8,5,3,16,7,9,LDWLWWDLDDLLLWLDLDLWLLLWWWLLWDWDWDDLLL,2025-07-27 14:09:22.486797
130,71,2023,Gremio,38,19,19,21,14,7,5,2,3,12,3,9,63,34,29,1.7,1.8,1.5,56,16,40,1.5,0.8,2.1,8,8,0,9,3,6,WLWDLDWWWLWWWLWDLWLWWLDWDLLLWWWWWLLWWW,2025-07-27 14:09:22.486860
131,71,2023,Corinthians,38,19,19,12,6,6,14,10,4,12,3,9,47,26,21,1.2,1.4,1.1,48,23,25,1.3,1.2,1.3,10,4,6,8,2,6,WLLDLDLWLDWLLWDWDWDDDLDWLDDDWDWLDWLWLW,2025-07-27 14:09:22.486919
133,71,2023,Vasco DA Gama,38,19,19,12,9,3,9,2,7,17,8,9,41,24,17,1.1,1.3,0.9,51,23,28,1.3,1.2,1.5,9,6,3,12,6,6,WDLDDLLLLLLWLLLLWDWLDWWWLDWLLDWWWDDLLW,2025-07-27 14:09:22.486983
134,71,2023,Atletico Paranaense,38,19,19,14,10,4,14,8,6,10,1,9,51,33,18,1.3,1.7,0.9,43,19,24,1.1,1.0,1.3,10,7,3,8,1,7,WLLWWWLLWDLWDLWWDDWDDDWWLDWDWDLLDDDDWL,2025-07-27 14:09:22.487045
135,71,2023,Cruzeiro,38,19,19,11,4,7,14,8,6,13,7,6,35,14,21,0.9,0.7,1.1,32,17,15,0.8,0.9,0.8,16,6,10,17,9,8,LWWWLWLDLDLWDWDLDDLDLDWLDDLWWLLLWDWDDD,2025-07-27 14:09:22.487110
147,71,2023,Coritiba,38,19,19,8,4,4,6,4,2,24,11,13,41,17,24,1.1,0.9,1.3,73,28,45,1.9,1.5,2.4,6,4,2,11,8,3,LLDLDLLDLDLLWWDWLLLLLLLLWWLLLWLLWWLDLL,2025-07-27 14:09:22.487181
151,71,2023,Goias,38,19,19,9,5,4,11,7,4,18,7,11,36,19,17,0.9,1.0,0.9,53,25,28,1.4,1.3,1.5,10,6,4,14,8,6,LWLLLWDLLDWLLLDWDWWDDDLDDLWDLDLWLLLLLW,2025-07-27 14:09:22.487244
154,71,2023,Fortaleza EC,38,19,19,15,9,6,9,6,3,14,4,10,45,28,17,1.2,1.5,0.9,44,20,24,1.2,1.1,1.3,10,6,4,13,6,7,DWWDDDLWDLWWLWLLLLWWWLWWDWLLLLDLLDDWWW,2025-07-27 14:09:22.487308
794,71,2023,RB Bragantino,38,19,19,17,11,6,11,5,6,10,3,7,49,28,21,1.3,1.5,1.1,35,14,21,0.9,0.7,1.1,17,11,6,9,3,6,WDLDDDWWLDWWWDLDWWDLWDWWWDWWLWWLDLLLWL,2025-07-27 14:09:22.487373
1062,71,2023,Atletico-MG,38,19,19,19,11,8,9,3,6,10,5,5,52,28,24,1.4,1.5,1.3,32,16,16,0.8,0.8,0.8,15,7,8,7,2,5,LDWLWWWDWDDLDLDLLWWLWDWWWLWLWWWDDWWWWL,2025-07-27 14:09:22.487445
1193,71,2023,Cuiaba,38,19,19,14,6,8,9,6,3,15,7,8,40,23,17,1.1,1.2,0.9,39,22,17,1.0,1.2,0.9,13,5,8,15,7,8,LDLWLLWDWDLLWDWWWWLLLLDLWDWDLWLDWWDLLW,2025-07-27 14:09:22.487510
118,71,2023,Bahia,38,19,19,12,8,4,8,5,3,18,6,12,50,29,21,1.3,1.5,1.1,53,21,32,1.4,1.1,1.7,9,6,3,14,3,11,LLWWLLDLDDWLLDLDDWLWLDWLLWWWLLWLLDWLLW,2025-07-27 14:09:22.487566
119,71,2023,Internacional,38,19,19,15,9,6,10,5,5,13,5,8,46,30,16,1.2,1.6,0.8,45,21,24,1.2,1.1,1.3,11,6,5,14,6,8,DWWLLLLWDWWWDLDDLDLLDDWLLWLWWLDWDLWWWW,2025-07-27 14:09:22.487627
120,71,2023,Botafogo,38,19,19,18,11,7,10,4,6,10,4,6,58,36,22,1.5,1.9,1.2,37,17,20,1.0,0.9,1.1,15,9,6,8,2,6,WWWWWLWWLWWWWWWDWDWDWLLLDWWDLLLLDDDDDL,2025-07-27 14:09:22.487686
121,71,2023,Palmeiras,38,19,19,20,14,6,10,2,8,8,3,5,64,35,29,1.7,1.8,1.5,33,12,21,0.9,0.6,1.1,16,9,7,8,2,6,WDWWWDDDWWLLDDDWWLWWWDWLLLLWWWWWLWDWWD,2025-07-27 14:09:22.487749
124,71,2023,Fluminense,38,19,19,16,13,3,8,4,4,14,2,12,51,33,18,1.3,1.7,0.9,47,18,29,1.2,0.9,1.5,12,8,4,12,2,10,WWLDWWLLWDDWLWDLWWLWDWLWLLDLWLLDDWWWLL,2025-07-27 14:09:22.487814
125,71,2023,America Mineiro,38,19,19,5,5,0,9,2,7,24,12,12,42,21,21,1.1,1.1,1.1,81,38,43,2.1,2.0,2.3,2,2,0,11,7,4,LLLLDLWLWDLLDLDLLLLWWDLLDLLDLLDDLLLLWL,2025-07-27 14:09:22.487871
126,71,2023,Sao Paulo,38,19,19,14,13,1,11,3,8,13,3,10,40,29,11,1.1,1.5,0.6,38,13,25,1.0,0.7,1.3,15,10,5,13,5,8,LWDWDDWWLLWLWDWLDLDDLLLWWDLWLDWWDLDWLW,2025-07-27 14:09:22.487930
127,71,2023,Flamengo,38,19,19,19,10,9,9,5,4,10,4,6,56,26,30,1.5,1.4,1.6,42,16,26,1.1,0.8,1.4,15,10,5,8,3,5,WLLLWWWDWWLWWDDDWLDWDWLDWDWWLLWWDWWLWL,2025-07-27 14:09:22.487986
