team_id,league_id,season,team_name,matches_played_total,matches_played_home,matches_played_away,wins_total,wins_home,wins_away,draws_total,draws_home,draws_away,losses_total,losses_home,losses_away,goals_for_total,goals_for_home,goals_for_away,goals_for_avg_total,goals_for_avg_home,goals_for_avg_away,goals_against_total,goals_against_home,goals_against_away,goals_against_avg_total,goals_against_avg_home,goals_against_avg_away,clean_sheets_total,clean_sheets_home,clean_sheets_away,failed_to_score_total,failed_to_score_home,failed_to_score_away,form,extracted_at
18310,253,2022,Charlotte,34,17,17,13,10,3,3,1,2,18,6,12,44,28,16,1.3,1.6,0.9,52,16,36,1.5,0.9,2.1,8,7,1,11,4,7,LLLWWLWLDLWLWLWDLLWWLLWLLWLLLWWWDL,2025-07-27 14:09:22.476695
1606,253,2022,Real Salt Lake,35,17,18,12,9,3,12,5,7,11,3,8,45,27,18,1.3,1.6,1.0,47,15,32,1.3,0.9,1.8,10,8,2,10,3,7,DWWWLDDLDWLWWWLWDLDLWLDLWDDWLDLLDWD,2025-07-27 14:09:22.476775
1595,253,2022,Seattle Sounders,34,17,17,12,9,3,5,3,2,17,5,12,47,29,18,1.4,1.7,1.1,46,19,27,1.4,1.1,1.6,6,4,2,9,3,6,LLWDWLLLWWLWWDWLWLLLWLWLLDLLWWLDLD,2025-07-27 14:09:22.476837
1596,253,2022,San Jose Earthquakes,34,17,17,8,7,1,11,6,5,15,4,11,52,31,21,1.5,1.8,1.2,69,27,42,2.0,1.6,2.5,4,3,1,8,1,7,LDLLDLDWLWDWDLDLWDWLLDLDLWLWLLDLWD,2025-07-27 14:09:22.476892
1597,253,2022,FC Dallas,36,18,18,14,10,4,12,5,7,10,3,7,50,29,21,1.4,1.6,1.2,40,16,24,1.1,0.9,1.3,8,4,4,8,2,6,DLWWDWDWDWWLLWLDLDDLDWWLDWWLDWWDLWDL,2025-07-27 14:09:22.476972
1598,253,2022,Orlando City SC,35,17,18,14,9,5,6,0,6,15,8,7,44,26,18,1.3,1.5,1.0,55,28,27,1.6,1.6,1.5,9,4,5,7,4,3,WDLWDLWWLWLWDLDWLLWDDLLLWWWWLLWLLWL,2025-07-27 14:09:22.477057
1599,253,2022,Philadelphia Union,37,19,18,21,14,7,11,5,6,5,0,5,79,53,26,2.1,2.8,1.4,30,10,20,0.8,0.5,1.1,16,9,7,6,1,5,DWWWWWLDDDDDWDDWLDWWWWWLWLWWWWWDLWWWD,2025-07-27 14:09:22.477138
1600,253,2022,Houston Dynamo,34,17,17,10,6,4,6,5,1,18,6,12,43,24,19,1.3,1.4,1.1,56,22,34,1.6,1.3,2.0,6,5,1,8,4,4,DLWDWWDLLLWLWLLWLLDLWLLLLDLWLDWLWL,2025-07-27 14:09:22.477226
1601,253,2022,Toronto FC,34,17,17,9,7,2,7,3,4,18,7,11,49,30,19,1.4,1.8,1.1,66,29,37,1.9,1.7,2.2,3,1,2,11,3,8,DLLWWDWLLLLLDWLWLLDLLWDWWDLWDLLLLL,2025-07-27 14:09:22.477306
1602,253,2022,New York Red Bulls,35,18,17,15,6,9,8,5,3,12,7,5,51,27,24,1.5,1.5,1.4,43,24,19,1.2,1.3,1.1,8,3,5,10,5,5,WWLDWLDWWDDDLWLWLWWDLWLDLWDWWLWLLWL,2025-07-27 14:09:22.477387
1603,253,2022,Vancouver Whitecaps,34,17,17,12,10,2,7,3,4,15,4,11,40,25,15,1.2,1.5,0.9,57,20,37,1.7,1.2,2.2,9,7,2,8,3,5,LDLLWLLLWDWLWWLWDWLDDLDWLWDLLLWWWL,2025-07-27 14:09:22.477472
2242,253,2022,FC Cincinnati,36,17,19,13,6,7,13,6,7,10,5,5,66,37,29,1.8,2.2,1.5,58,27,31,1.6,1.6,1.6,6,4,2,6,1,5,LLWWLLDLWWWWLLDWDDDDLDDWDDDWDWWDLWWL,2025-07-27 14:09:22.477559
1605,253,2022,Los Angeles Galaxy,36,18,18,15,9,6,8,4,4,13,5,8,61,36,25,1.7,2.0,1.4,54,25,29,1.5,1.4,1.6,8,5,3,7,2,5,WWLLWWDWLWLDLWDLWLLLWLLWDWDDDLWWDWWL,2025-07-27 14:09:22.477640
1604,253,2022,New York City FC,37,18,19,18,11,7,7,4,3,12,3,9,64,40,24,1.7,2.2,1.3,45,19,26,1.2,1.1,1.4,15,8,7,7,2,5,LDWLLWWWDWWWWDLDDWWWWDLLLWLLLDLWWWWWL,2025-07-27 14:09:22.477720
1607,253,2022,Chicago Fire,34,17,17,10,6,4,9,5,4,15,6,9,39,18,21,1.1,1.1,1.2,48,17,31,1.4,1.0,1.8,12,8,4,13,6,7,DDWWDLDLLLLDLLWLWLLWWWDWLLLDDWLLWD,2025-07-27 14:09:22.477799
1608,253,2022,Atlanta United FC,34,17,17,10,8,2,10,5,5,14,4,10,48,31,17,1.4,1.8,1.0,54,24,30,1.6,1.4,1.8,6,3,3,7,3,4,WLWDWLDLLWDDLWLLDLWDLDWDLDWLLWWDLL,2025-07-27 14:09:22.477882
1609,253,2022,New England Revolution,34,17,17,10,7,3,12,6,6,12,4,8,47,22,25,1.4,1.3,1.5,50,16,34,1.5,0.9,2.0,9,6,3,7,4,3,DWLLLLWLWDDWDWDWDDLLDDWWDLLDWLLLWD,2025-07-27 14:09:22.477963
1610,253,2022,Colorado Rapids,34,17,17,11,10,1,10,5,5,13,2,11,46,29,17,1.4,1.7,1.0,57,15,42,1.7,0.9,2.5,9,8,1,6,1,5,LWWDDLLDWLWLWLDLLDDWLWWDLDLLDWWLWD,2025-07-27 14:09:22.478044
1611,253,2022,Sporting Kansas City,34,17,17,11,9,2,7,2,5,16,6,10,42,25,17,1.2,1.5,1.0,54,17,37,1.6,1.0,2.2,8,6,2,11,5,6,LWLLWLLLDDDLWDLLWLLWDLLLWLWWDDWWWL,2025-07-27 14:09:22.478130
1612,253,2022,Minnesota United FC,35,17,18,14,8,6,7,5,2,14,4,10,49,27,22,1.4,1.6,1.2,52,20,32,1.5,1.2,1.8,5,4,1,8,3,5,DDWWLLWWLLLDWLLLWWWDWWDLWWWLLLDLLWD,2025-07-27 14:09:22.478210
1613,253,2022,Columbus Crew,34,17,17,10,7,3,16,6,10,8,4,4,46,22,24,1.4,1.3,1.4,41,15,26,1.2,0.9,1.5,9,7,2,10,6,4,WDWDLLLDWDLLWDDWDWDWDLWDDDWDDLDWDL,2025-07-27 14:09:22.478274
1614,253,2022,CF Montreal,36,19,17,21,10,11,5,3,2,10,6,4,66,33,33,1.8,1.7,1.9,53,24,29,1.5,1.3,1.7,8,5,3,5,3,2,LLLDWWWDWWWLLWLWWLLWWDWDWWWLWDWWWWWL,2025-07-27 14:09:22.478331
1615,253,2022,DC United,34,17,17,7,4,3,6,4,2,21,9,12,36,22,14,1.1,1.3,0.8,71,34,37,2.1,2.0,2.2,6,4,2,16,6,10,WWLLLLWLWDLDLLLWLDLLWLDLLLLWDDLLLL,2025-07-27 14:09:22.478400
1616,253,2022,Los Angeles FC,37,20,17,23,15,8,5,3,2,9,2,7,75,48,27,2.0,2.4,1.6,43,20,23,1.2,1.0,1.4,10,7,3,3,1,2,WDWWWLWWWDLLWWDWWLWWWWWWWLLLWLDWWLWWD,2025-07-27 14:09:22.478479
1617,253,2022,Portland Timbers,34,17,17,11,8,3,13,6,7,10,3,7,53,28,25,1.6,1.6,1.5,53,19,34,1.6,1.1,2.0,6,4,2,4,2,2,DDWLDLWDDLDWLLLDWWDWDWDDDLLWWWWDLL,2025-07-27 14:09:22.478559
9568,253,2022,Inter Miami,35,17,18,14,10,4,6,3,3,15,4,11,47,34,13,1.3,2.0,0.7,59,28,31,1.7,1.6,1.7,6,2,4,10,2,8,DLLLLWWWLLDDWWLWDLLWLDWDWWLLLWWWWLL,2025-07-27 14:09:22.478641
9569,253,2022,Nashville SC,35,17,18,13,6,7,11,6,5,11,5,6,52,30,22,1.5,1.8,1.2,42,21,21,1.2,1.2,1.2,9,5,4,5,1,4,WDLLWWDLDWLWDWDLWDLWLDDDLLWWWWDDLWL,2025-07-27 14:09:22.478727
16489,253,2022,Austin,37,19,18,17,9,8,9,7,2,11,3,8,69,46,23,1.9,2.4,1.3,55,26,29,1.5,1.4,1.6,8,4,4,6,1,5,WWLDDWWWWLLWDLWDWWWWDLWDWLWLLLWDLDDWL,2025-07-27 14:09:22.478807
