team_id,league_id,season,team_name,matches_played_total,matches_played_home,matches_played_away,wins_total,wins_home,wins_away,draws_total,draws_home,draws_away,losses_total,losses_home,losses_away,goals_for_total,goals_for_home,goals_for_away,goals_for_avg_total,goals_for_avg_home,goals_for_avg_away,goals_against_total,goals_against_home,goals_against_away,goals_against_avg_total,goals_against_avg_home,goals_against_avg_away,clean_sheets_total,clean_sheets_home,clean_sheets_away,failed_to_score_total,failed_to_score_home,failed_to_score_away,form,extracted_at
515,135,2020,Spezia,38,19,19,9,5,4,12,7,5,17,7,10,52,28,24,1.4,1.5,1.3,72,33,39,1.9,1.7,2.1,5,2,3,8,3,5,LWLDDLWDDLLDLLLWWDLLWWLDLDLWLWLDLDLDWD,2025-07-27 14:09:22.434047
523,135,2020,Parma,38,19,19,3,2,1,11,5,6,24,12,12,39,16,23,1.0,0.8,1.2,83,39,44,2.2,2.1,2.3,5,5,0,15,9,6,LLWLDDDLWDDDLLLLLDLLLLDDLDWLDLLLLLLLLL,2025-07-27 14:09:22.434125
487,135,2020,Lazio,38,19,19,21,13,8,5,3,2,12,3,9,61,36,25,1.6,1.9,1.3,55,23,32,1.4,1.2,1.7,12,7,5,6,1,5,WLDLWWDWLWLDWLDWWWWWWLWLLWWWWWLWWLWLDL,2025-07-27 14:09:22.434204
488,135,2020,Sassuolo,38,19,19,17,7,10,11,8,3,10,4,6,64,31,33,1.7,1.6,1.7,56,27,29,1.5,1.4,1.5,8,4,4,4,2,2,DWWWDWDWLDWDLWLWLDLDLWDDLWLDLWWWWDWLWW,2025-07-27 14:09:22.434282
489,135,2020,AC Milan,38,19,19,24,8,16,7,6,1,7,5,2,74,31,43,1.9,1.6,2.3,41,24,17,1.1,1.3,0.9,14,7,7,6,4,2,WWWWDWDWWWDDWWWLWWLWWLLWDWLWDWWLLWWWDW,2025-07-27 14:09:22.434361
490,135,2020,Cagliari,38,19,19,9,5,4,10,4,6,19,10,9,43,22,21,1.1,1.2,1.1,59,32,27,1.6,1.7,1.4,7,3,4,14,7,7,DLLWWLWLDDLDDLLLLLLDLLLWWDLLLLWWWDWDDL,2025-07-27 14:09:22.434441
492,135,2020,Napoli,38,19,19,24,12,12,5,4,1,9,3,6,86,50,36,2.3,2.6,1.9,41,20,21,1.1,1.1,1.1,14,6,8,3,1,2,WWWWLWLWWWLLDWLWWLWLWLWDWWWWLWDWWDWWWD,2025-07-27 14:09:22.434520
494,135,2020,Udinese,38,19,19,10,5,5,10,4,6,18,10,8,42,14,28,1.1,0.7,1.5,58,19,39,1.5,1.0,2.1,8,6,2,12,9,3,LLLWLLDWWWDDLLDLLDDWWLDWDWDLLLWLWLDLLL,2025-07-27 14:09:22.434583
495,135,2020,Genoa,38,19,19,10,5,5,12,7,5,16,7,9,47,29,18,1.2,1.5,0.9,58,30,28,1.5,1.6,1.5,9,3,6,9,1,8,WLDLDLLLLDLDLWDLWDWWWDDLDLDWDLLDWLLWLW,2025-07-27 14:09:22.434635
496,135,2020,Juventus,38,19,19,23,14,9,9,2,7,6,3,3,77,40,37,2.0,2.1,1.9,38,18,20,1.0,0.9,1.1,8,6,2,6,3,3,WDDDWDWDWWDWLWWWLWWWLWDWWWLDWWLWDWLWWW,2025-07-27 14:09:22.434686
497,135,2020,AS Roma,38,19,19,18,13,5,8,4,4,12,2,10,68,42,26,1.8,2.2,1.4,58,18,40,1.5,0.9,2.1,11,9,2,9,2,7,LDWWDWWWLDWWLWWWDLWWLWDLWWLLDWLDLLWLWD,2025-07-27 14:09:22.434761
498,135,2020,Sampdoria,38,19,19,15,9,6,7,3,4,16,7,9,52,32,20,1.4,1.7,1.1,54,26,28,1.4,1.4,1.5,7,4,3,8,3,5,LLWWWDLLDLLWWLLWLWWLDWLLDDLWDLWWLWLDWW,2025-07-27 14:09:22.434841
499,135,2020,Atalanta,38,19,19,23,12,11,9,3,6,6,4,2,90,49,41,2.4,2.6,2.2,47,24,23,1.2,1.3,1.2,11,6,5,5,3,2,WWWLLWDDLWDWDWWWDDWLDWWWWLWWWWWDWDWWWL,2025-07-27 14:09:22.434918
500,135,2020,Bologna,38,19,19,10,7,3,11,5,6,17,7,10,51,33,18,1.3,1.7,0.9,65,33,32,1.7,1.7,1.7,5,3,2,11,3,8,LWLLLWLWWLLDDDDDLWLLWDDWLLWWLLWDLDDLDL,2025-07-27 14:09:22.434995
501,135,2020,Crotone,38,19,19,6,5,1,5,2,3,27,12,15,45,23,22,1.2,1.2,1.2,92,35,57,2.4,1.8,3.0,3,1,2,14,8,6,LLLDLLDLLLWDLWLLLWLLLLLLLWLLLLLLWLLWDD,2025-07-27 14:09:22.435072
502,135,2020,Fiorentina,38,19,19,9,6,3,13,6,7,16,7,9,47,25,22,1.2,1.3,1.2,59,25,34,1.6,1.3,1.8,9,5,4,12,4,8,WLLDWLDLLDLDDWDLWLWDLLWLLDWLDLLWDDWDLD,2025-07-27 14:09:22.435155
503,135,2020,Torino,38,19,19,7,3,4,16,9,7,15,7,8,50,25,25,1.3,1.3,1.3,69,36,33,1.8,1.9,1.7,8,4,4,9,5,4,LLLDLWDLDLLLDDWDLDDDDDWLLWLDWWDLWDLLDD,2025-07-27 14:09:22.435234
504,135,2020,Verona,38,19,19,11,6,5,12,6,6,15,7,8,46,23,23,1.2,1.2,1.2,48,23,25,1.3,1.2,1.3,7,3,4,9,5,4,WWLDDWDLWDWLDLWDWLWLLWDDWLLLWLLLLDDLDD,2025-07-27 14:09:22.435311
505,135,2020,Inter,38,19,19,28,17,11,7,1,6,3,1,2,89,53,36,2.3,2.8,1.9,35,18,17,0.9,0.9,0.9,14,7,7,1,0,1,WWDLWDDWWWWWWWWLDWDWWWWWWWWWWWDDWWWWLW,2025-07-27 14:09:22.435390
506,135,2020,Benevento,38,19,19,7,2,5,12,7,5,19,10,9,40,19,21,1.1,1.0,1.1,75,39,36,2.0,2.1,1.9,7,3,4,11,5,6,WLWLLLLWDDLDWWLWLLDLDDDLLDLWDLLDLLLLDD,2025-07-27 14:09:22.435468
