team_id,league_id,season,team_name,matches_played_total,matches_played_home,matches_played_away,wins_total,wins_home,wins_away,draws_total,draws_home,draws_away,losses_total,losses_home,losses_away,goals_for_total,goals_for_home,goals_for_away,goals_for_avg_total,goals_for_avg_home,goals_for_avg_away,goals_against_total,goals_against_home,goals_against_away,goals_against_avg_total,goals_against_avg_home,goals_against_avg_away,clean_sheets_total,clean_sheets_home,clean_sheets_away,failed_to_score_total,failed_to_score_home,failed_to_score_away,form,extracted_at
157,78,2020,Bayern München,34,17,17,24,13,11,6,4,2,4,0,4,99,64,35,2.9,3.8,2.1,44,21,23,1.3,1.2,1.4,9,5,4,0,0,0,WLWWWWWDWDDWWWLWWWWWDLWWWWWDWWLWDW,2025-07-27 14:09:22.441431
159,78,2020,Hertha BSC,34,17,17,8,5,3,11,5,6,15,7,8,41,21,20,1.2,1.2,1.2,52,26,26,1.5,1.5,1.5,9,6,3,12,7,5,WLLLLDWLDWDDLWLDLLLLDLLWLWDDDWDWDL,2025-07-27 14:09:22.441486
160,78,2020,SC Freiburg,34,17,17,12,7,5,9,6,3,13,4,9,52,33,19,1.5,1.9,1.1,52,23,29,1.5,1.4,1.7,6,4,2,9,2,7,WDLDDLLLDDWWWWWLDWLWDLWLLWLLWDLWDL,2025-07-27 14:09:22.441548
161,78,2020,VfL Wolfsburg,34,17,17,17,10,7,10,4,6,7,3,4,61,32,29,1.8,1.9,1.7,37,16,21,1.1,0.9,1.2,14,9,5,5,4,1,DDDDWDWWWDWLWLDDWWWWDWWLWWWLLWLWDL,2025-07-27 14:09:22.441626
162,78,2020,Werder Bremen,34,17,17,7,3,4,10,5,5,17,9,8,36,16,20,1.1,0.9,1.2,57,28,29,1.7,1.6,1.7,6,4,2,9,4,5,LWWDDDDDLLLLWLDWLWDDLWDWLLLLLLLDLL,2025-07-27 14:09:22.441705
163,78,2020,Borussia Mönchengladbach,34,17,17,13,8,5,10,4,6,11,5,6,64,32,32,1.9,1.9,1.9,56,19,37,1.6,1.1,2.2,7,4,3,4,1,3,LDWDWWLDWDDDLWWDWWDLDLLLLWWDWLWLLW,2025-07-27 14:09:22.441784
164,78,2020,FSV Mainz 05,34,17,17,10,4,6,9,4,5,15,9,6,39,16,23,1.1,0.9,1.4,56,26,30,1.6,1.5,1.8,5,2,3,10,6,4,LLLLLLDWDLLDLLLDLWLWDWLDWWDWWWDDLW,2025-07-27 14:09:22.441866
165,78,2020,Borussia Dortmund,34,17,17,20,11,9,4,2,2,10,4,6,75,40,35,2.2,2.4,2.1,46,20,26,1.4,1.2,1.5,11,7,4,1,0,1,WLWWWWLWLDLWLWWDLLWLDWWLWDLWWWWWWW,2025-07-27 14:09:22.441943
167,78,2020,1899 Hoffenheim,34,17,17,11,8,3,10,3,7,13,6,7,52,32,20,1.5,1.9,1.2,54,24,30,1.6,1.4,1.8,6,4,2,7,4,3,WWLLDLLDDWLLWLLDWWLLDWDWLLLDDWDWDW,2025-07-27 14:09:22.442027
168,78,2020,Bayer Leverkusen,34,17,17,14,8,6,10,5,5,10,4,6,53,34,19,1.6,2.0,1.1,39,22,17,1.1,1.3,1.0,9,2,7,9,2,7,DDDWWWWWDWWWLLDLWLLWDDLWLLWDWLWDDL,2025-07-27 14:09:22.442109
169,78,2020,Eintracht Frankfurt,34,17,17,16,10,6,12,7,5,6,0,6,69,37,32,2.0,2.2,1.9,53,20,33,1.6,1.2,1.9,4,2,2,2,0,2,DWWDLDDDDDLDWWWWDWWWWWLDDWWWLWLDLW,2025-07-27 14:09:22.442189
170,78,2020,FC Augsburg,34,17,17,10,6,4,6,4,2,18,7,11,36,21,15,1.1,1.2,0.9,54,25,29,1.6,1.5,1.7,7,3,4,11,6,5,WWDLLWLDDLDWLWLLLWLLLDWLWLWLDLLLWL,2025-07-27 14:09:22.442269
172,78,2020,VfB Stuttgart,34,17,17,12,5,7,9,6,3,13,6,7,56,27,29,1.6,1.6,1.7,55,26,29,1.6,1.5,1.7,5,3,2,6,2,4,LWDWDDDDLWWDLLWDLLWLDWWDWLWLLLLWWL,2025-07-27 14:09:22.442348
173,78,2020,RB Leipzig,34,17,17,19,11,8,8,4,4,7,2,5,60,29,31,1.8,1.7,1.8,32,13,19,0.9,0.8,1.1,15,8,7,4,3,1,WDWWWLWDWDWWDWLDWLWWWWWWDWLWDLWLDL,2025-07-27 14:09:22.442431
174,78,2020,FC Schalke 04,34,17,17,3,3,0,7,3,4,24,11,13,25,14,11,0.7,0.8,0.6,86,34,52,2.5,2.0,3.1,4,3,1,18,9,9,LLLDLDDLLLDLLLWLLLDLDLLDLLLWLLLLWL,2025-07-27 14:09:22.442515
182,78,2020,Union Berlin,34,17,17,12,8,4,14,8,6,8,1,7,50,32,18,1.5,1.9,1.1,43,18,25,1.3,1.1,1.5,7,4,3,6,1,5,LDWDDWWWDLDDWWDWLLDLDWDDWLDDWLWLDW,2025-07-27 14:09:22.442597
188,78,2020,Arminia Bielefeld,34,17,17,9,6,3,8,2,6,17,9,8,26,13,13,0.8,0.8,0.8,52,23,29,1.5,1.4,1.7,11,6,5,15,7,8,DWLLLLLLLWLLWLWDWLLDLLDLWLDWDWLDDW,2025-07-27 14:09:22.442674
191,78,2020,Holstein Kiel,2,1,1,1,0,1,0,0,0,1,1,0,2,1,1,1.0,1.0,1.0,5,5,0,2.5,5.0,0.0,1,0,1,0,0,0,WL,2025-07-27 14:09:22.442753
192,78,2020,1.FC Köln,36,18,18,9,3,6,9,5,4,18,10,8,39,20,19,1.1,1.1,1.1,62,32,30,1.7,1.8,1.7,5,2,3,13,5,8,LLLDDLDLWDWLDLLDWLWWLLLDLDLLLWWLDWLW,2025-07-27 14:09:22.442830
