team_id,league_id,season,team_name,matches_played_total,matches_played_home,matches_played_away,wins_total,wins_home,wins_away,draws_total,draws_home,draws_away,losses_total,losses_home,losses_away,goals_for_total,goals_for_home,goals_for_away,goals_for_avg_total,goals_for_avg_home,goals_for_avg_away,goals_against_total,goals_against_home,goals_against_away,goals_against_avg_total,goals_against_avg_home,goals_against_avg_away,clean_sheets_total,clean_sheets_home,clean_sheets_away,failed_to_score_total,failed_to_score_home,failed_to_score_away,form,extracted_at
529,140,2021,Barcelona,38,19,19,21,12,9,10,2,8,7,5,2,68,37,31,1.8,1.9,1.6,38,19,19,1.0,1.0,1.0,11,5,6,8,4,4,WDWDDWLWLLDDWWLDWDWDWWDWWWWWWWLWLWWWDL,2025-07-27 14:09:22.428052
530,140,2021,Atletico Madrid,38,19,19,21,12,9,8,5,3,9,2,7,65,33,32,1.7,1.7,1.7,43,16,27,1.1,0.8,1.4,12,9,3,7,3,4,WWDWDWLWDDWDWWLLLLWDWLWLWWWWWWLWDLWWDW,2025-07-27 14:09:22.428126
531,140,2021,Athletic Club,38,19,19,14,10,4,13,4,9,11,5,6,43,29,14,1.1,1.5,0.7,36,18,18,0.9,0.9,0.9,13,6,7,14,4,10,DDWWDLDWWDDLDDLDLWLWDWWLWLWLDWDLWWDLWL,2025-07-27 14:09:22.428200
532,140,2021,Valencia,38,19,19,11,6,5,15,8,7,12,5,7,48,26,22,1.3,1.4,1.2,53,24,29,1.4,1.3,1.5,12,6,6,8,3,5,WDWWLLDDLDLWDDDWWWLLDLDLLWWDWDDLLDDLDW,2025-07-27 14:09:22.428275
533,140,2021,Villarreal,38,19,19,16,10,6,11,6,5,11,3,8,63,40,23,1.7,2.1,1.2,37,18,19,1.0,0.9,1.0,14,9,5,11,2,9,DDDDWDWLLDLWDLLWWWWDLWWDWWLWLLDWWLDWLW,2025-07-27 14:09:22.428349
536,140,2021,Sevilla,38,19,19,18,12,6,16,6,10,4,1,3,53,36,17,1.4,1.9,0.9,30,17,13,0.8,0.9,0.7,17,9,8,7,2,5,WWDDWWLWWDWWDLWWWDWWDDDWDWDDDLWLWDDDDW,2025-07-27 14:09:22.428423
538,140,2021,Celta Vigo,38,19,19,12,7,5,10,4,6,16,8,8,43,26,17,1.1,1.4,0.9,43,23,20,1.1,1.2,1.1,14,6,8,15,5,10,LDLLLWWLLWLDDDWLDWWLWDWDDLWLDLLWLDWLWL,2025-07-27 14:09:22.428497
539,140,2021,Levante,38,19,19,8,5,3,11,7,4,19,7,12,51,28,23,1.3,1.5,1.2,76,30,46,2.0,1.6,2.4,7,6,1,12,6,6,DDLDDLLLDLDLLDLDLLLWLLLWDWLDLWLWLDWLWW,2025-07-27 14:09:22.428571
540,140,2021,Espanyol,38,19,19,10,9,1,12,6,6,16,4,12,40,25,15,1.1,1.3,0.8,53,19,34,1.4,1.0,1.8,10,8,2,10,2,8,DDLLDWLWWDDLWLWLWLWLDLLDDLWDWLWLLLDLDD,2025-07-27 14:09:22.428645
797,140,2021,Elche,38,19,19,11,7,4,9,6,3,18,6,12,40,24,16,1.1,1.3,0.8,52,21,31,1.4,1.1,1.6,8,5,3,12,5,7,DLDWDLLWLDLLDLDWLLDWWDWLWLLWLLLWWDLLLW,2025-07-27 14:09:22.428720
542,140,2021,Alaves,38,19,19,8,7,1,7,4,3,23,8,15,31,17,14,0.8,0.9,0.7,65,21,44,1.7,1.1,2.3,6,5,1,16,7,9,LLLLLWLLWWDWDLLDLLDDLLLWLDDLLLLWLWLWLL,2025-07-27 14:09:22.428795
541,140,2021,Real Madrid,38,19,19,26,13,13,8,5,3,4,1,3,80,44,36,2.1,2.3,1.9,31,13,18,0.8,0.7,0.9,16,11,5,8,5,3,WDWWWWDLWDWWWWWWWDWLWDWDWWWWLWWWWWLWDD,2025-07-27 14:09:22.428871
798,140,2021,Mallorca,38,19,19,10,7,3,9,6,3,19,6,13,36,20,16,0.9,1.1,0.8,63,25,38,1.7,1.3,2.0,9,6,3,15,7,8,DWWLDLLWLDDDDLDWDLLLLWWLLLLLLLWLWLLDWW,2025-07-27 14:09:22.428948
543,140,2021,Real Betis,38,19,19,19,10,9,8,2,6,11,7,4,62,34,28,1.6,1.8,1.5,40,22,18,1.1,1.2,0.9,13,5,8,11,5,6,DDLWDWWLWWWLLWWWWLLDWWLWWLLWDWWDLDLWWD,2025-07-27 14:09:22.429022
546,140,2021,Getafe,38,19,19,8,7,1,15,7,8,15,5,10,33,21,12,0.9,1.1,0.6,41,15,26,1.1,0.8,1.4,14,10,4,18,8,10,LLLLLLLDDLDWLWDDDWWLWDWLDDLDDWLLWDDDDL,2025-07-27 14:09:22.429096
548,140,2021,Real Sociedad,38,19,19,17,10,7,11,5,6,10,4,6,40,16,24,1.1,0.8,1.3,37,9,28,1.0,0.5,1.5,20,14,6,11,6,5,LWWWDWWDWDWDWDLLLLDWDDWLWWLWDWWDLDLWWL,2025-07-27 14:09:22.429171
715,140,2021,Granada CF,38,19,19,8,5,3,14,7,7,16,7,9,44,22,22,1.2,1.2,1.2,61,29,32,1.6,1.5,1.7,8,4,4,13,4,9,DDLLDLLWDDWLLDWDWWDDLLLLLDLLWDLLDDWWLD,2025-07-27 14:09:22.429253
724,140,2021,Cadiz,38,19,19,8,3,5,15,9,6,15,7,8,35,19,16,0.9,1.0,0.8,51,24,27,1.3,1.3,1.4,13,6,7,13,6,7,DDLLWDLDLLDDWLLLDDLLDWLDDDWLWDLWLDWLDW,2025-07-27 14:09:22.429328
727,140,2021,Osasuna,38,19,19,12,5,7,11,7,4,15,7,8,37,17,20,1.0,0.9,1.1,51,26,25,1.3,1.4,1.3,12,7,5,15,6,9,DDWLWLWWWDDLLLDDDLLWLWDWLLWLWLWWLDDDLL,2025-07-27 14:09:22.429403
728,140,2021,Rayo Vallecano,38,19,19,11,8,3,9,5,4,18,6,12,39,26,13,1.0,1.4,0.7,50,22,28,1.3,1.2,1.5,9,6,3,14,5,9,LLWDWWWLWLWDLWDWLWLDLLLLLLDLDDLWWDDLLL,2025-07-27 14:09:22.429477
