team_id,league_id,season,team_name,matches_played_total,matches_played_home,matches_played_away,wins_total,wins_home,wins_away,draws_total,draws_home,draws_away,losses_total,losses_home,losses_away,goals_for_total,goals_for_home,goals_for_away,goals_for_avg_total,goals_for_avg_home,goals_for_avg_away,goals_against_total,goals_against_home,goals_against_away,goals_against_avg_total,goals_against_avg_home,goals_against_avg_away,clean_sheets_total,clean_sheets_home,clean_sheets_away,failed_to_score_total,failed_to_score_home,failed_to_score_away,form,extracted_at
33,39,2023,Manchester United,38,19,19,18,10,8,6,3,3,14,6,8,57,31,26,1.5,1.6,1.4,58,28,30,1.5,1.5,1.6,9,4,5,9,4,5,WLWLLWLWWLWWWLWLDLWLDWWWWLLWDLDDWDLLWW,2025-07-27 14:09:22.425169
34,39,2023,Newcastle,38,19,19,18,12,6,6,4,2,14,3,11,85,49,36,2.2,2.6,1.9,62,22,40,1.6,1.2,2.1,10,8,2,5,0,5,WLLLWWWDWDWLWWLLWLLLLWDWDLWLWDWWLWWDLW,2025-07-27 14:09:22.425238
35,39,2023,Bournemouth,38,19,19,13,7,6,9,6,3,16,6,10,54,27,27,1.4,1.4,1.4,67,28,39,1.8,1.5,2.1,9,5,4,7,5,2,DLLDDLLLLWLWWDWWWWLLDDLDLWDWWWLDLWWLLL,2025-07-27 14:09:22.425306
36,39,2023,Fulham,38,19,19,13,9,4,8,2,6,17,8,9,55,31,24,1.4,1.6,1.3,61,24,37,1.6,1.3,1.9,10,6,4,13,7,6,WLDLWDLWLDLLWLWWLLLWLDDWLWWLWDLLWLDDLW,2025-07-27 14:09:22.425377
39,39,2023,Wolves,38,19,19,13,8,5,7,3,4,18,8,10,50,26,24,1.3,1.4,1.3,65,30,35,1.7,1.6,1.8,5,3,2,9,3,6,LLWLLDWDWDLWLLWDLWWWDLWLWWLWLDLDLLWLLL,2025-07-27 14:09:22.425467
40,39,2023,Liverpool,38,19,19,24,15,9,10,3,7,4,1,3,86,49,37,2.3,2.6,1.9,41,17,24,1.1,0.9,1.3,10,6,4,3,2,1,DWWWWWLDWWDWDWWWDDWWWWLWWWWDWWDLWLDWDW,2025-07-27 14:09:22.425551
42,39,2023,Arsenal,38,19,19,28,15,13,5,2,3,5,2,3,91,48,43,2.4,2.5,2.3,29,16,13,0.8,0.8,0.7,18,7,11,5,2,3,WWDWWDWWDWLWWWWLWDLLWWWWWWWWDWWLWWWWWW,2025-07-27 14:09:22.425633
44,39,2023,Burnley,38,19,19,5,2,3,9,4,5,24,13,11,41,19,22,1.1,1.0,1.2,78,43,35,2.1,2.3,1.8,2,1,1,12,7,5,LLLDLLWLLLLLLWLDLWLLDLDLLLLDWDDLDWDLLL,2025-07-27 14:09:22.425697
45,39,2023,Everton,38,19,19,13,8,5,9,4,5,16,7,9,40,22,18,1.1,1.2,0.9,51,18,33,1.3,0.9,1.7,13,9,4,12,5,7,LLLDLWLWLWDWLWWWWLLLDDDLDDLLLDWLWWWDWL,2025-07-27 14:09:22.425753
47,39,2023,Tottenham,38,19,19,20,13,7,6,0,6,12,6,6,74,38,36,1.9,2.0,1.9,61,27,34,1.6,1.4,1.8,7,2,5,4,1,3,DWWWWDWWWWLLLDLWWWLWDWDWLWWLWDWLLLLWLW,2025-07-27 14:09:22.425806
48,39,2023,West Ham,38,19,19,14,7,7,10,8,2,14,4,10,60,31,29,1.6,1.6,1.5,74,28,46,1.9,1.5,2.4,5,4,1,8,4,4,DWWWLLWDLLLWWDWLWWWDDDLLLWWDDLDWLLDLWL,2025-07-27 14:09:22.425870
49,39,2023,Chelsea,38,19,19,18,11,7,9,4,5,11,4,7,77,44,33,2.0,2.3,1.7,63,26,37,1.7,1.4,1.9,8,6,2,6,3,3,DLWLDLWWDLWDLWLLWLWWWLLWDDWDWDWLDWWWWW,2025-07-27 14:09:22.425923
50,39,2023,Manchester City,38,19,19,28,14,14,7,5,2,3,0,3,96,51,45,2.5,2.7,2.4,34,16,18,0.9,0.8,0.9,13,6,7,3,1,2,WWWWWWLLWWWDDDLWDWWWWWWDWWWDDWWWWWWWWW,2025-07-27 14:09:22.425980
51,39,2023,Brighton,38,19,19,12,8,4,12,6,6,14,5,9,55,30,25,1.4,1.6,1.3,62,27,35,1.6,1.4,1.8,6,3,3,10,4,6,WWLWWWLDLDDDWLWDLDWDDLWLWDLWLDLDLLWDLL,2025-07-27 14:09:22.426034
52,39,2023,Crystal Palace,38,19,19,13,8,5,10,4,6,15,7,8,57,37,20,1.5,1.9,1.1,58,26,32,1.5,1.4,1.7,10,6,4,7,4,3,WLDWLDWDLLWLLDLLDDLWLWLLDWLDDLLWWWDWWW,2025-07-27 14:09:22.426088
55,39,2023,Brentford,38,19,19,10,5,5,9,7,2,19,7,12,56,29,27,1.5,1.5,1.4,65,34,31,1.7,1.8,1.6,7,4,3,8,3,5,DWDDLLDLWWWLLWLLLLLWLLWLLLDLLDDDWWLDWL,2025-07-27 14:09:22.426143
62,39,2023,Sheffield Utd,38,19,19,3,2,1,7,4,3,28,13,15,35,19,16,0.9,1.0,0.8,104,57,47,2.7,3.0,2.5,1,1,0,15,7,8,LLLDLLLLLLWDLLLWLDLLDLLWLLLDDLDLLLLLLL,2025-07-27 14:09:22.426219
65,39,2023,Nottingham Forest,38,19,19,9,5,4,9,5,4,20,9,11,49,27,22,1.3,1.4,1.2,67,30,37,1.8,1.6,1.9,4,2,2,10,4,6,LWLWDLDDDLWLLLLDLLWWLLDLWLLLDDWLDLLWLW,2025-07-27 14:09:22.426303
66,39,2023,Aston Villa,38,19,19,20,12,8,8,4,4,10,3,7,76,48,28,2.0,2.5,1.5,61,28,33,1.6,1.5,1.7,8,4,4,6,1,5,LWWLWWWDWWLWWDWWWDLWDLWLWWWLDWLDWWDLDL,2025-07-27 14:09:22.426384
1359,39,2023,Luton,38,19,19,6,4,2,8,4,4,24,11,13,52,28,24,1.4,1.5,1.3,85,37,48,2.2,1.9,2.5,2,2,0,5,1,4,LLLLDWLLDLDLWLLLWWLDWDLLLLDLDLLWLLLDLL,2025-07-27 14:09:22.426464
