team_id,league_id,season,team_name,matches_played_total,matches_played_home,matches_played_away,wins_total,wins_home,wins_away,draws_total,draws_home,draws_away,losses_total,losses_home,losses_away,goals_for_total,goals_for_home,goals_for_away,goals_for_avg_total,goals_for_avg_home,goals_for_avg_away,goals_against_total,goals_against_home,goals_against_away,goals_against_avg_total,goals_against_avg_home,goals_against_avg_away,clean_sheets_total,clean_sheets_home,clean_sheets_away,failed_to_score_total,failed_to_score_home,failed_to_score_away,form,extracted_at
18310,253,2023,Charlotte,35,17,18,10,6,4,13,8,5,12,3,9,47,24,23,1.3,1.4,1.3,57,21,36,1.6,1.2,2.0,7,5,2,8,4,4,LLLWDDLDWLWWWLWLLDDDDDLWDDDDLLWWDWL,2025-07-27 14:09:22.478896
1607,253,2023,Chicago Fire,34,17,17,10,6,4,10,7,3,14,4,10,39,26,13,1.1,1.5,0.8,51,22,29,1.5,1.3,1.7,9,5,4,12,3,9,DLDWDWDLDLWLDDDLLWWLWWWLLLLDLDWWLL,2025-07-27 14:09:22.478982
20787,253,2023,St. Louis City,36,18,18,17,11,6,5,2,3,14,5,9,64,42,22,1.8,2.3,1.2,51,21,30,1.4,1.2,1.7,8,6,2,8,3,5,WWWWWLLWDLLWWWLDLLWWWLWWLWLDDDWWLLLL,2025-07-27 14:09:22.479044
1595,253,2023,Seattle Sounders,38,20,18,16,9,7,11,6,5,11,5,6,45,22,23,1.2,1.1,1.3,36,12,24,0.9,0.6,1.3,16,12,4,13,7,6,WWLDWWWLWDLWLLWLDDLDWWLDLDWDDWDWDWWLWL,2025-07-27 14:09:22.479107
1596,253,2023,San Jose Earthquakes,35,17,18,10,8,2,15,7,8,10,2,8,39,25,14,1.1,1.5,0.8,43,16,27,1.2,0.9,1.5,10,5,5,7,2,5,LWWLDWDWLDWLLDWDWDLLDDWWLLDDWLDDDDD,2025-07-27 14:09:22.479171
1597,253,2023,FC Dallas,37,18,19,12,8,4,13,7,6,12,3,9,44,26,18,1.2,1.4,0.9,41,17,24,1.1,0.9,1.3,7,3,4,8,2,6,LWDWLDWWLDWWDDLLWLLWLLDWLDDWDDDDDWLWL,2025-07-27 14:09:22.479233
1598,253,2023,Orlando City SC,37,19,18,20,10,10,9,5,4,8,4,4,57,32,25,1.5,1.7,1.4,41,21,20,1.1,1.1,1.1,13,7,6,7,3,4,WDDLWLWLWLDDWDWWLDDWWLWWWDWWLDWWWWWWL,2025-07-27 14:09:22.479293
1599,253,2023,Philadelphia Union,37,18,19,17,11,6,10,6,4,10,1,9,61,36,25,1.6,2.0,1.3,43,14,29,1.2,0.8,1.5,11,8,3,8,4,4,WLWLLDLDWWWDWWWWLDWLLWWWLWDDDDDWDLWWL,2025-07-27 14:09:22.479354
1600,253,2023,Houston Dynamo,39,20,19,16,13,3,11,5,6,12,2,10,56,40,16,1.4,2.0,0.8,43,13,30,1.1,0.7,1.6,14,10,4,12,4,8,LLWWLWDWDLLDWLLWWWLLDLDWWWDDWLDDWWWDDWL,2025-07-27 14:09:22.479414
1601,253,2023,Toronto FC,34,17,17,4,4,0,10,6,4,20,7,13,26,19,7,0.8,1.1,0.4,59,22,37,1.7,1.3,2.2,6,4,2,18,6,12,LDDWDDDDLWLLDLWDDDLLLLLLLLWLLLLLLL,2025-07-27 14:09:22.479466
2242,253,2023,FC Cincinnati,38,20,18,22,15,7,10,2,8,6,3,3,64,39,25,1.7,2.0,1.4,43,16,27,1.1,0.8,1.5,14,10,4,4,1,3,WDWDWWWLWDWWWWWWDWLDDWWLWWLDDWWLWDWDWL,2025-07-27 14:09:22.479517
1603,253,2023,Vancouver Whitecaps,36,18,18,12,8,4,12,6,6,12,4,8,57,35,22,1.6,1.9,1.2,54,20,34,1.5,1.1,1.9,8,5,3,6,3,3,LLDDDWWDDWLLWLWDDWLLWWLWWDWLLDDWDDLL,2025-07-27 14:09:22.479575
1602,253,2023,New York Red Bulls,37,19,18,12,8,4,11,6,5,14,5,9,42,27,15,1.1,1.4,0.8,45,20,25,1.2,1.1,1.4,9,5,4,13,5,8,LDDWDLDDLDLWDWLWLDWLWLLWLLLDDWLWWWWLD,2025-07-27 14:09:22.479636
1604,253,2023,New York City FC,34,17,17,9,8,1,14,6,8,11,3,8,35,23,12,1.0,1.4,0.7,39,16,23,1.1,0.9,1.4,9,7,2,10,3,7,LDWWLDDWWLLLDLLDDDDDWDDLLLWDDWWDLW,2025-07-27 14:09:22.479692
1606,253,2023,Real Salt Lake,37,18,19,14,6,8,10,5,5,13,7,6,51,26,25,1.4,1.4,1.3,54,28,26,1.5,1.6,1.4,9,5,4,9,6,3,WLLLLWLWDDLDWDLWDWWDWWDWLLWLLWWLDWLDD,2025-07-27 14:09:22.479754
1605,253,2023,Los Angeles Galaxy,34,17,17,8,6,2,12,6,6,14,5,9,51,31,20,1.5,1.8,1.2,67,29,38,2.0,1.7,2.2,6,3,3,9,2,7,LDDDLLLWLLWLLLWDDDDWWLWWDDLWDDLLDL,2025-07-27 14:09:22.479808
1608,253,2023,Atlanta United FC,37,18,19,14,11,3,12,4,8,11,3,8,72,46,26,1.9,2.6,1.4,61,23,38,1.6,1.3,2.0,8,4,4,3,0,3,WDWWLWDDWLLLWDDDDWDLWWLLWWLDWDWLDDLWL,2025-07-27 14:09:22.479867
1609,253,2023,New England Revolution,36,18,18,15,12,3,10,4,6,11,2,9,59,37,22,1.6,2.1,1.2,50,17,33,1.4,0.9,1.8,8,5,3,5,1,4,WWLWWDWDWDWLLDDDWWWDLWWLWDDLDWLLLWLL,2025-07-27 14:09:22.479945
1610,253,2023,Colorado Rapids,34,17,17,5,3,2,12,8,4,17,6,11,26,13,13,0.8,0.8,0.8,54,16,38,1.6,0.9,2.2,9,7,2,17,8,9,LDLLDDWDDDWLLLLLDLDLWDDLLLWLLDWLDL,2025-07-27 14:09:22.480006
1611,253,2023,Sporting Kansas City,38,19,19,14,10,4,9,3,6,15,6,9,54,32,22,1.4,1.7,1.2,54,22,32,1.4,1.2,1.7,8,5,3,12,6,6,LDDLLDLLLLWWDLWWDWLDLWDDLWWLWLWLWWDWWL,2025-07-27 14:09:22.480068
1612,253,2023,Minnesota United FC,34,17,17,10,4,6,11,9,2,13,4,9,46,24,22,1.4,1.4,1.3,51,20,31,1.5,1.2,1.8,8,3,5,5,2,3,WDWDWLLLDLLWWDLDLDWLWDWDWDDLLLDLWL,2025-07-27 14:09:22.480125
1613,253,2023,Columbus Crew,40,20,20,21,15,6,9,4,5,10,1,9,82,49,33,2.1,2.5,1.7,55,17,38,1.4,0.9,1.9,10,8,2,2,0,2,LWDLWWWDLLDWLLWWWDWWDDLWWLWLWDDWDWWLWWWW,2025-07-27 14:09:22.480211
1614,253,2023,CF Montreal,34,17,17,12,10,2,5,3,2,17,4,13,36,26,10,1.1,1.5,0.6,52,12,40,1.5,0.7,2.4,11,9,2,15,4,11,LLLWLLLWWWWLLWDLWWDLLLWWWLLDDLLDWL,2025-07-27 14:09:22.480304
1615,253,2023,DC United,34,17,17,10,6,4,10,6,4,14,5,9,45,31,14,1.3,1.8,0.8,49,23,26,1.4,1.4,1.5,11,6,5,10,2,8,WLDLLDLWWWLDDWLDWLLWLWDLLLWDDDLDLW,2025-07-27 14:09:22.480388
1616,253,2023,Los Angeles FC,39,19,20,18,12,6,10,3,7,11,4,7,64,43,21,1.6,2.3,1.1,43,19,24,1.1,1.0,1.2,14,7,7,10,3,7,WWDWDWWDLWDWDLLWWLLLDWDWLLLWDDLWWDWWWWL,2025-07-27 14:09:22.480478
1617,253,2023,Portland Timbers,34,17,17,11,9,2,10,3,7,13,5,8,46,29,17,1.4,1.7,1.0,58,22,36,1.7,1.3,2.1,8,4,4,8,2,6,WLLLDDLWLWDWDLLDWDLDLDWLLWDWWWWDLL,2025-07-27 14:09:22.480560
9568,253,2023,Inter Miami,34,17,17,9,6,3,7,5,2,18,6,12,41,25,16,1.2,1.5,0.9,54,21,33,1.6,1.2,1.9,5,4,1,11,4,7,WWLLLLLLWWWLLLLLLLDDDLWDWWLWDDLLDL,2025-07-27 14:09:22.480628
9569,253,2023,Nashville SC,36,18,18,13,9,4,10,4,6,13,5,8,39,25,14,1.1,1.4,0.8,34,14,20,0.9,0.8,1.1,11,6,5,16,7,9,WDWLLWDLDWWDWWWWDWLLWLLLLDDWDDLDWLLL,2025-07-27 14:09:22.480694
16489,253,2023,Austin,34,17,17,10,7,3,9,4,5,15,6,9,49,28,21,1.4,1.6,1.2,55,22,33,1.6,1.3,1.9,6,6,0,7,2,5,LWWLDLDLDDLWWLWLLWWDWLWLLLDLDDLWLD,2025-07-27 14:09:22.480755
