team_id,league_id,season,team_name,matches_played_total,matches_played_home,matches_played_away,wins_total,wins_home,wins_away,draws_total,draws_home,draws_away,losses_total,losses_home,losses_away,goals_for_total,goals_for_home,goals_for_away,goals_for_avg_total,goals_for_avg_home,goals_for_avg_away,goals_against_total,goals_against_home,goals_against_away,goals_against_avg_total,goals_against_avg_home,goals_against_avg_away,clean_sheets_total,clean_sheets_home,clean_sheets_away,failed_to_score_total,failed_to_score_home,failed_to_score_away,form,extracted_at
1603,253,2024,Vancouver Whitecaps,38,19,19,15,8,7,8,4,4,15,7,8,61,34,27,1.6,1.8,1.4,52,26,26,1.4,1.4,1.4,9,6,3,8,4,4,DWWLWWLWDDLLDLWWLLWWDWWLWDWDLDLLLLWLWL,2025-07-27 14:09:22.480815
18310,253,2024,Charlotte,37,18,19,14,9,5,11,6,5,12,3,9,47,25,22,1.3,1.4,1.2,40,15,25,1.1,0.8,1.3,13,10,3,10,5,5,WDLLWDLWLLWWWDDLWWDWLLWDDDLLLWDWWWLDD,2025-07-27 14:09:22.480879
20787,253,2024,St. Louis City,34,17,17,8,7,1,13,5,8,13,5,8,50,23,27,1.5,1.4,1.6,63,21,42,1.9,1.2,2.5,7,6,1,8,4,4,DWDDDLDWDDWLLLDDLLDLWLLLDDWDLWWLWL,2025-07-27 14:09:22.480934
1595,253,2024,Seattle Sounders,38,18,20,17,8,9,11,8,3,10,2,8,54,25,29,1.4,1.4,1.5,38,14,24,1.0,0.8,1.2,14,9,5,10,5,5,LDDLLWDLLWDWLDWDLWDWWWWWLWLWWDWWWDDDWL,2025-07-27 14:09:22.480999
1596,253,2024,San Jose Earthquakes,34,17,17,6,4,2,3,1,2,25,12,13,41,18,23,1.2,1.1,1.4,78,32,46,2.3,1.9,2.7,2,1,1,10,6,4,LLLLWLLLLDWWLLDLLLLLLWLLLWLLDLLWLL,2025-07-27 14:09:22.481062
1597,253,2024,FC Dallas,34,17,17,11,10,1,8,2,6,15,5,10,54,34,20,1.6,2.0,1.2,56,25,31,1.6,1.5,1.8,7,4,3,6,2,4,WLLLLDDLWLWDDLLDWWLLWLWWDWLDLWLLDW,2025-07-27 14:09:22.481120
1598,253,2024,Orlando City SC,39,21,18,17,9,8,9,5,4,13,7,6,63,32,31,1.6,1.5,1.7,52,20,32,1.3,1.0,1.8,12,9,3,10,5,5,DLLLWDWDLLWDWLDLLDWLWWWWDLWWWLWWWLWDDWL,2025-07-27 14:09:22.481183
1599,253,2024,Philadelphia Union,34,17,17,9,4,5,10,5,5,15,8,7,62,27,35,1.8,1.6,2.1,55,23,32,1.6,1.4,1.9,8,5,3,5,4,1,DDDWWWDLLDLLWDDDLLLLLDLWWLWLWWDLLL,2025-07-27 14:09:22.481244
1600,253,2024,Houston Dynamo,36,18,18,15,7,8,11,8,3,10,3,7,48,23,25,1.3,1.3,1.4,40,16,24,1.1,0.9,1.3,9,4,5,9,4,5,DLWWWLWLLDWLDLWDDDWWLDWWLWDWDWLWLWDD,2025-07-27 14:09:22.481307
1601,253,2024,Toronto FC,34,17,17,11,7,4,4,0,4,19,10,9,40,27,13,1.2,1.6,0.8,61,32,29,1.8,1.9,1.7,8,3,5,9,2,7,DWWLWLLLWWWLLWLDDLLLLLLWLWWLWLLDLL,2025-07-27 14:09:22.481367
1602,253,2024,New York Red Bulls,39,18,21,14,7,7,15,8,7,10,3,7,62,33,29,1.6,1.8,1.4,54,25,29,1.4,1.4,1.4,10,5,5,7,3,4,DWWLWDWDDDLWWLWWLDDWDDDDWDLDLDLWLLWDWWL,2025-07-27 14:09:22.481446
2242,253,2024,FC Cincinnati,37,19,18,19,8,11,6,4,2,12,7,5,60,27,33,1.6,1.4,1.8,51,22,29,1.4,1.2,1.6,9,7,2,7,6,1,DWDWWDLLWWWWWWWLWWLWWWLLLLWDWDLLLWWLD,2025-07-27 14:09:22.481533
1604,253,2024,New York City FC,38,19,19,15,11,4,9,3,6,14,5,9,57,38,19,1.5,2.0,1.0,53,28,25,1.4,1.5,1.3,6,3,3,11,2,9,LLLWLDDWWWLWWWWWLLLWWLDDDDLDLDWWWLLWDL,2025-07-27 14:09:22.481600
1605,253,2024,Los Angeles Galaxy,39,21,18,24,17,7,7,3,4,8,1,7,87,57,30,2.2,2.7,1.7,54,28,26,1.4,1.3,1.4,9,5,4,4,0,4,DWDDWWLWWLDDDDWWLWWWWLWLWWWLWLWWWLWWWWW,2025-07-27 14:09:22.481664
1606,253,2024,Real Salt Lake,36,18,18,16,11,5,13,4,9,7,3,4,66,38,28,1.8,2.1,1.6,49,20,29,1.4,1.1,1.6,10,7,3,8,5,3,LDWLWWDDWWWDWWDDWDWLWWLDLLWLWDDDWWDD,2025-07-27 14:09:22.481721
1607,253,2024,Chicago Fire,34,17,17,7,5,2,9,4,5,18,8,10,40,20,20,1.2,1.2,1.2,62,31,31,1.8,1.8,1.8,4,2,2,11,6,5,DLLWDLWDLDLLLLDDWWLLWLDWLDLLWLLDLL,2025-07-27 14:09:22.481783
1608,253,2024,Atlanta United FC,39,18,21,12,7,5,11,4,7,16,7,9,54,32,22,1.4,1.8,1.0,57,28,29,1.5,1.6,1.4,5,2,3,9,2,7,LWWLWDDLDLLLDLWLDWDWLLLDWLWLDDDLWWDLWWL,2025-07-27 14:09:22.481839
1609,253,2024,New England Revolution,34,17,17,9,5,4,4,4,0,21,8,13,37,19,18,1.1,1.1,1.1,74,30,44,2.2,1.8,2.6,5,3,2,10,3,7,LLLLDWLLLWLLLWWWWLWLLLDWLDLDLWLLLL,2025-07-27 14:09:22.481899
1610,253,2024,Colorado Rapids,36,18,18,15,10,5,5,3,2,16,5,11,62,34,28,1.7,1.9,1.6,69,26,43,1.9,1.4,2.4,6,3,3,5,2,3,LDWDLWDWWLWLWLDLLWWWLWWDLWWWLWLLLLLL,2025-07-27 14:09:22.481956
1611,253,2024,Sporting Kansas City,34,17,17,8,6,2,7,4,3,19,7,12,51,33,18,1.5,1.9,1.1,66,32,34,1.9,1.9,2.0,3,2,1,6,2,4,DDDWLWDLDLLLLLLLWLLLWLWWLDWDLWLLLL,2025-07-27 14:09:22.482031
1612,253,2024,Minnesota United FC,37,18,19,15,7,8,9,5,4,13,6,7,61,31,30,1.6,1.7,1.6,56,24,32,1.5,1.3,1.7,8,3,5,6,1,5,WDWWLDLWWWDWDLWDLLLLLLDLWLWWLWWDWWDDL,2025-07-27 14:09:22.482101
1613,253,2024,Columbus Crew,36,18,18,19,10,9,10,4,6,7,4,3,74,38,36,2.1,2.1,2.0,43,22,21,1.2,1.2,1.2,12,7,5,6,3,3,WDWWLDDDDDLWWWWLWWWWWDLWWLDWWDLWWWLD,2025-07-27 14:09:22.482183
1614,253,2024,CF Montreal,35,18,17,11,8,3,11,6,5,13,4,9,50,30,20,1.4,1.7,1.2,66,25,41,1.9,1.4,2.4,8,6,2,10,4,6,DWWLLLWDDLLLLDWDDDLWLDWDLLLWDWWWLWD,2025-07-27 14:09:22.482264
1615,253,2024,DC United,34,17,17,10,4,6,10,5,5,14,8,6,52,26,26,1.5,1.5,1.5,70,36,34,2.1,2.1,2.0,2,1,1,8,2,6,WDDLDWDLLWDWLLDLDLLLDLLWWLWWDLDWWL,2025-07-27 14:09:22.482340
1616,253,2024,Los Angeles FC,38,20,18,21,13,8,7,4,3,10,3,7,67,40,27,1.8,2.0,1.5,49,21,28,1.3,1.1,1.6,13,8,5,6,2,4,WLDLWLWDDWLWWWWWWDWWWLDWLDLDLWWWWWWLWL,2025-07-27 14:09:22.482417
1617,253,2024,Portland Timbers,35,17,18,12,9,3,11,5,6,12,3,9,65,39,26,1.9,2.3,1.4,61,25,36,1.7,1.5,2.0,6,4,2,6,2,4,WDWLLLDDDLLLWLWWDDWWWLWWLDWLWDDLDDL,2025-07-27 14:09:22.482494
9568,253,2024,Inter Miami,37,19,18,23,12,11,8,4,4,6,3,3,84,49,35,2.3,2.6,1.9,55,26,29,1.5,1.4,1.6,6,4,2,2,0,2,WDWLWLDDWWWWWDWWLDWWWWLWWWWWDDDWWWWLL,2025-07-27 14:09:22.482574
9569,253,2024,Nashville SC,34,17,17,9,5,4,9,6,3,16,6,10,38,24,14,1.1,1.4,0.8,54,25,29,1.6,1.5,1.7,9,4,5,11,3,8,DDDWLDLLDWLWDDWLDWWLLLLLLLLWWDLLLW,2025-07-27 14:09:22.482660
16489,253,2024,Austin,34,17,17,11,7,4,9,5,4,14,5,9,39,27,12,1.1,1.6,0.7,48,25,23,1.4,1.5,1.4,8,2,6,10,4,6,LDDDLWWLWWDLWWDLLLDWLWLLDWLLDLDWLW,2025-07-27 14:09:22.482736
