team_id,league_id,season,team_name,matches_played_total,matches_played_home,matches_played_away,wins_total,wins_home,wins_away,draws_total,draws_home,draws_away,losses_total,losses_home,losses_away,goals_for_total,goals_for_home,goals_for_away,goals_for_avg_total,goals_for_avg_home,goals_for_avg_away,goals_against_total,goals_against_home,goals_against_away,goals_against_avg_total,goals_against_avg_home,goals_against_avg_away,clean_sheets_total,clean_sheets_home,clean_sheets_away,failed_to_score_total,failed_to_score_home,failed_to_score_away,form,extracted_at
529,140,2024,Barcelona,38,19,19,28,14,14,4,1,3,6,4,2,102,52,50,2.7,2.7,2.6,39,20,19,1.0,1.1,1.0,13,7,6,2,1,1,WWWWWWWLWWWWLDLWDLLDWWWWWWWWWDWWWWWWLW,2025-07-27 14:09:22.432447
530,140,2024,Atletico Madrid,38,19,19,22,14,8,10,4,6,6,1,5,68,42,26,1.8,2.2,1.4,30,15,15,0.8,0.8,0.8,17,10,7,6,1,5,DWDWWDWDDWLWWWWWWWWLDWDDWWLLDWWLWDWLWW,2025-07-27 14:09:22.432526
531,140,2024,Athletic Club,38,19,19,19,11,8,13,6,7,6,2,4,54,32,22,1.4,1.7,1.2,29,13,16,0.8,0.7,0.8,15,8,7,9,4,5,DLWLWWWDLWDDDWWWWDWWDDWDWLDWDDWLWDWWWL,2025-07-27 14:09:22.432603
532,140,2024,Valencia,38,19,19,11,9,2,13,4,9,14,6,8,44,26,18,1.2,1.4,0.9,54,20,34,1.4,1.1,1.8,8,7,1,10,4,6,LLLDLWDLDLDWLLLDDLDWLWWDLDWDWWWDDWWLLD,2025-07-27 14:09:22.432680
533,140,2024,Villarreal,38,19,19,20,9,11,10,7,3,8,3,5,71,43,28,1.9,2.3,1.5,51,27,24,1.3,1.4,1.3,7,5,2,6,1,5,DWWDWLWWLDWWDDLLDWLWDWWDWLLWDWDLWWWWWW,2025-07-27 14:09:22.432756
534,140,2024,Las Palmas,38,19,19,8,4,4,8,5,3,22,10,12,40,21,19,1.1,1.1,1.0,61,29,32,1.6,1.5,1.7,4,3,1,11,4,7,DLDLLLDLLWWLWLWWDWLLDLLLLDLDDLWWLLLLLL,2025-07-27 14:09:22.432831
536,140,2024,Sevilla,38,19,19,10,6,4,11,6,5,17,7,10,42,17,25,1.1,0.9,1.3,55,23,32,1.4,1.2,1.7,10,5,5,9,4,5,DLDLWLWDWLWLLWDLWLDWDDLWDDWLLLLDLDLWLL,2025-07-27 14:09:22.432908
537,140,2024,Leganes,38,19,19,9,7,2,13,4,9,16,8,8,39,23,16,1.0,1.2,0.8,56,27,29,1.5,1.4,1.5,11,6,5,14,7,7,DWDLLLDDDLWLWLDLWLDWDLLDLWLLLDLDDDWLWW,2025-07-27 14:09:22.433001
538,140,2024,Celta Vigo,38,19,19,16,11,5,7,3,4,15,5,10,59,32,27,1.6,1.7,1.4,57,21,36,1.5,1.1,1.9,8,5,3,4,2,2,WWLLWLLDWLLWDDLWLWLLDLWDWDWWDWLLWLWWLW,2025-07-27 14:09:22.433089
540,140,2024,Espanyol,38,19,19,11,8,3,9,6,3,18,5,13,40,23,17,1.1,1.2,0.9,51,20,31,1.3,1.1,1.6,8,4,4,11,4,7,LLDWWLLLWLLLLWLDDLDWDWLDWDLDWWWDLLLLLW,2025-07-27 14:09:22.433171
541,140,2024,Real Madrid,38,19,19,26,16,10,6,1,5,6,2,4,78,45,33,2.1,2.4,1.7,38,19,19,1.0,1.0,1.0,15,8,7,2,1,1,DWDWWWWDWWLWWWLWDWWWWLDDWLWWWLWWWWLWWW,2025-07-27 14:09:22.433251
798,140,2024,Mallorca,38,19,19,13,7,6,9,6,3,16,6,10,35,20,15,0.9,1.1,0.8,44,21,23,1.2,1.1,1.2,9,5,4,14,5,9,DLDWLWWWLWDLLWWLLWWLLLDWDDDWLLWDLLWLLD,2025-07-27 14:09:22.433331
542,140,2024,Alaves,38,19,19,10,6,4,12,6,6,16,7,9,38,14,24,1.0,0.7,1.3,48,17,31,1.3,0.9,1.6,9,7,2,13,8,5,LDWWLWLLLLLWLLDDDDLWDLLDLDWDLWLDWDLWWD,2025-07-27 14:09:22.433410
543,140,2024,Real Betis,38,19,19,16,9,7,12,7,5,10,3,7,57,32,25,1.5,1.7,1.3,50,21,29,1.3,1.1,1.5,7,5,2,5,0,5,DDLWWLDWLWWDDLLDWDLLWDLWWWWWWDLWWWDDLD,2025-07-27 14:09:22.433487
546,140,2024,Getafe,38,19,19,11,4,7,9,7,2,18,8,10,34,15,19,0.9,0.8,1.0,39,19,20,1.0,1.0,1.1,9,6,3,16,7,9,DDDLLDLWDDDLLWLWLLWDWDWWLLWWLWLLLLLLWL,2025-07-27 14:09:22.433571
547,140,2024,Girona,38,19,19,11,7,4,8,3,5,19,9,10,44,27,17,1.2,1.4,0.9,60,30,30,1.6,1.6,1.6,8,4,4,11,6,5,DLWWLLDDWLLWWWDLLWWLLWLLLDDDLLLLDWLWLL,2025-07-27 14:09:22.433648
548,140,2024,Real Sociedad,38,19,19,13,8,5,7,3,4,18,8,10,35,20,15,0.9,1.1,0.8,46,20,26,1.2,1.1,1.4,13,7,6,19,8,11,LWLDLLDWDWLWWLWWDLWLLLWLWLLDWWLDLDLLWL,2025-07-27 14:09:22.433728
720,140,2024,Valladolid,38,19,19,4,3,1,4,4,0,30,12,18,26,11,15,0.7,0.6,0.8,90,32,58,2.4,1.7,3.1,5,5,0,16,9,7,WLDLLDLLLWLLDLLLWLWLLLLLLDLLLLLLLLLLLL,2025-07-27 14:09:22.433809
727,140,2024,Osasuna,38,19,19,12,10,2,16,6,10,10,3,7,48,33,15,1.3,1.7,0.8,52,23,29,1.4,1.2,1.5,9,5,4,8,0,8,DWLWLWDWDLWWLDDDDLLDDWDDLDLLDDWWWLDWWD,2025-07-27 14:09:22.433886
728,140,2024,Rayo Vallecano,38,19,19,13,6,7,13,8,5,12,5,7,41,24,17,1.1,1.3,0.9,45,26,19,1.2,1.4,1.0,10,4,6,9,3,6,WDLLWDDDWLWLLLWDDDWDWWWLLDLDWLLDLWWDWD,2025-07-27 14:09:22.433967
