team_id,league_id,season,team_name,matches_played_total,matches_played_home,matches_played_away,wins_total,wins_home,wins_away,draws_total,draws_home,draws_away,losses_total,losses_home,losses_away,goals_for_total,goals_for_home,goals_for_away,goals_for_avg_total,goals_for_avg_home,goals_for_avg_away,goals_against_total,goals_against_home,goals_against_away,goals_against_avg_total,goals_against_avg_home,goals_against_avg_away,clean_sheets_total,clean_sheets_home,clean_sheets_away,failed_to_score_total,failed_to_score_home,failed_to_score_away,form,extracted_at
33,39,2022,Manchester United,38,19,19,23,15,8,6,3,3,9,1,8,58,36,22,1.5,1.9,1.2,43,10,33,1.1,0.5,1.7,17,11,6,7,2,5,LLWWWWLWDWDWLWWWWWDLWDWWLDLWWWDWLLWWWW,2025-07-27 14:09:22.423625
34,39,2022,Newcastle,38,19,19,19,11,8,14,6,8,5,2,3,68,36,32,1.8,1.9,1.7,33,14,19,0.9,0.7,1.0,14,9,5,11,5,6,WDDDLDDWWDWWWWWWDDWDDDLLWWWWWLWWWLDWDD,2025-07-27 14:09:22.423703
35,39,2022,Bournemouth,38,19,19,11,6,5,6,4,2,21,9,12,37,20,17,1.0,1.1,0.9,71,28,43,1.9,1.5,2.3,8,5,3,18,8,10,WLLLDWDDWDLLLLWLLLLDLDWLLWLWLWWLWWLLLL,2025-07-27 14:09:22.423780
36,39,2022,Fulham,38,19,19,15,8,7,7,5,2,16,6,10,55,31,24,1.4,1.6,1.3,53,29,24,1.4,1.5,1.3,9,3,6,9,4,5,DDWLWLWLLDWWDLLWWWWLLDWWDLLLLWWLLLWWDL,2025-07-27 14:09:22.423857
39,39,2022,Wolves,38,19,19,11,9,2,8,3,5,19,7,12,31,19,12,0.8,1.0,0.6,58,20,38,1.5,1.1,2.0,11,10,1,15,6,9,LDLDDWLLLWLLDLLWLDWLWWLDLWLLDWWLWLWLDL,2025-07-27 14:09:22.423934
40,39,2022,Liverpool,38,19,19,19,13,6,10,5,5,9,1,8,75,46,29,2.0,2.4,1.5,47,17,30,1.2,0.9,1.6,14,9,5,8,1,7,DDLWWDDLWWLLWWWWLLDLWWDWWLLDDWWWWWWWDD,2025-07-27 14:09:22.424011
41,39,2022,Southampton,38,19,19,6,2,4,7,5,2,25,12,13,36,19,17,0.9,1.0,0.9,73,37,36,1.9,1.9,1.9,4,1,3,15,7,8,LDWLWLLLLDWDLLLLLLWLLLWLWDLDLLLDLLLLLD,2025-07-27 14:09:22.424091
42,39,2022,Arsenal,38,19,19,26,14,12,6,3,3,6,2,4,88,53,35,2.3,2.8,1.8,43,25,18,1.1,1.3,0.9,14,4,10,4,2,2,WWWWWLWWWWDWWWWWDWWLDLWWWWWWWDDDLWWLLW,2025-07-27 14:09:22.424167
45,39,2022,Everton,38,19,19,8,6,2,12,3,9,18,10,8,34,16,18,0.9,0.8,0.9,57,27,30,1.5,1.4,1.6,9,7,2,14,5,9,LLDDDDWWLLLWDLLLDLLLWLWLLDWDDLLDLDWLDW,2025-07-27 14:09:22.424243
46,39,2022,Leicester,38,19,19,9,5,4,7,4,3,22,10,12,51,23,28,1.3,1.2,1.5,68,27,41,1.8,1.4,2.2,7,3,4,12,8,4,DLLLLLLWLDWWLWWLLLLDWWLLLLDLLLLWDDLLDW,2025-07-27 14:09:22.424320
47,39,2022,Tottenham,38,19,19,18,12,6,6,1,5,14,6,8,70,37,33,1.8,1.9,1.7,63,25,38,1.7,1.3,2.0,10,6,4,4,2,2,WDWWDWWLWWLLWLWDLWLLWWLWWLWDDWLLDLWLLW,2025-07-27 14:09:22.424396
48,39,2022,West Ham,38,19,19,11,8,3,7,4,3,20,7,13,42,26,16,1.1,1.4,0.8,55,24,31,1.4,1.3,1.6,9,6,3,13,4,9,LLLWDLLWWDLWLLLLLDLWDDLWLDWLWDWLLLWLWL,2025-07-27 14:09:22.424472
49,39,2022,Chelsea,38,19,19,11,6,5,11,7,4,16,6,10,38,20,18,1.0,1.1,0.9,47,19,28,1.2,1.0,1.5,10,6,4,14,7,7,WDLWLWWWWDDLLLWDLLWDDDLLWWDLDLLLLWDLLD,2025-07-27 14:09:22.424549
50,39,2022,Manchester City,38,19,19,28,17,11,5,1,4,5,1,4,94,60,34,2.5,3.2,1.8,33,17,16,0.9,0.9,0.8,13,7,6,3,0,3,WWDWWDWWWLWWWLWDWLWWLWWDWWWWWWWWWWWWDL,2025-07-27 14:09:22.424625
51,39,2022,Brighton,38,19,19,18,10,8,8,4,4,12,5,7,72,37,35,1.9,1.9,1.8,53,21,32,1.4,1.1,1.7,12,9,3,5,4,1,WDWWLWDLLDLWWLWLWWDWDLWDWDWLWLWWLWLWDL,2025-07-27 14:09:22.424702
52,39,2022,Crystal Palace,38,19,19,11,7,4,12,7,5,15,5,10,40,21,19,1.1,1.1,1.0,49,23,26,1.3,1.2,1.4,9,5,4,16,7,9,LDWLDDLWDWLWWLLWLLDDLDDDLLLLWWWDLWLWDD,2025-07-27 14:09:22.424778
55,39,2022,Brentford,38,19,19,15,10,5,14,7,7,9,2,7,58,35,23,1.5,1.8,1.2,46,18,28,1.2,0.9,1.5,12,7,5,9,2,7,DWLDDWLDLWDLDDWDWWWDWDDWLWDDLLLDWWLWWW,2025-07-27 14:09:22.424855
63,39,2022,Leeds,38,19,19,7,5,2,10,7,3,21,7,14,48,26,22,1.3,1.4,1.2,78,37,41,2.1,1.9,2.2,5,4,1,10,4,6,WDWLDLDLLLLWWLLDDLDLDLLWLDWLWLLLDLLDLL,2025-07-27 14:09:22.424935
65,39,2022,Nottingham Forest,38,19,19,9,8,1,11,6,5,18,5,13,38,27,11,1.0,1.4,0.6,68,24,44,1.8,1.3,2.3,8,6,2,12,2,10,LWDLLLLLDLDWLDWLDWWDWLDLDLLDLLLLWLWDWD,2025-07-27 14:09:22.425013
66,39,2022,Aston Villa,38,19,19,18,12,6,7,2,5,13,5,8,51,33,18,1.3,1.7,0.9,46,21,25,1.2,1.1,1.3,12,7,5,8,2,6,LWLLLDWDDLLWLWWLWDWWLLLWWDWWWWWDWLLWDW,2025-07-27 14:09:22.425093
