team_id,league_id,season,team_name,matches_played_total,matches_played_home,matches_played_away,wins_total,wins_home,wins_away,draws_total,draws_home,draws_away,losses_total,losses_home,losses_away,goals_for_total,goals_for_home,goals_for_away,goals_for_avg_total,goals_for_avg_home,goals_for_avg_away,goals_against_total,goals_against_home,goals_against_away,goals_against_avg_total,goals_against_avg_home,goals_against_avg_away,clean_sheets_total,clean_sheets_home,clean_sheets_away,failed_to_score_total,failed_to_score_home,failed_to_score_away,form,extracted_at
15130,94,2024,Estrela,34,17,17,7,5,2,8,4,4,19,8,11,24,18,6,0.7,1.1,0.4,50,24,26,1.5,1.4,1.5,7,4,3,18,7,11,DLLLDLWLDLWLWLWDLLDLLWDDDLLWLLWLLL,2025-07-27 14:09:22.470811
810,94,2024,Vizela,2,1,1,0,0,0,1,1,0,1,0,1,2,2,0,1.0,2.0,0.0,5,2,3,2.5,2.0,3.0,0,0,0,1,0,1,LD,2025-07-27 14:09:22.470868
211,94,2024,Benfica,34,17,17,25,14,11,5,2,3,4,1,3,84,52,32,2.5,3.1,1.9,28,12,16,0.8,0.7,0.9,15,9,6,2,0,2,LWWDWWWWWWWWDWWLLWLWWWWWWWWWDWWWDD,2025-07-27 14:09:22.470919
212,94,2024,FC Porto,34,17,17,22,13,9,5,3,2,7,1,6,65,39,26,1.9,2.3,1.5,30,11,19,0.9,0.6,1.1,16,9,7,4,0,4,WWWLWWWWWWLWDWWWLLDDDWDWLWWLWWLWWW,2025-07-27 14:09:22.470971
215,94,2024,Moreirense,34,17,17,10,6,4,10,8,2,14,3,11,42,22,20,1.2,1.3,1.2,50,21,29,1.5,1.2,1.7,7,4,3,8,4,4,WWLDLDLWWLWLWLLDDDLLLWLDDWDWLLDLDW,2025-07-27 14:09:22.471025
217,94,2024,SC Braga,34,17,17,19,9,10,9,5,4,6,3,3,55,33,22,1.6,1.9,1.3,30,19,11,0.9,1.1,0.6,15,6,9,3,1,2,DWWDLWWLWWLWDDWLWWWWWDWLWWWDWWDDLD,2025-07-27 14:09:22.471076
21595,94,2024,AVS,36,18,18,6,4,2,13,6,7,17,8,9,30,16,14,0.8,0.9,0.8,62,26,36,1.7,1.4,2.0,9,5,4,12,6,6,DLWLWLDDLLDLDDDDDLWLLDDWLLLLLDLLWLWD,2025-07-27 14:09:22.471135
222,94,2024,Boavista,34,17,17,6,1,5,6,3,3,22,13,9,24,8,16,0.7,0.5,0.9,59,31,28,1.7,1.8,1.6,7,3,4,17,10,7,WLLDDLLDLWLDDLDLLLLLLLLWLLLWLWLWLL,2025-07-27 14:09:22.471193
224,94,2024,Guimaraes,34,17,17,14,9,5,12,5,7,8,3,5,47,29,18,1.4,1.7,1.1,37,19,18,1.1,1.1,1.1,13,9,4,9,3,6,WWLWWLDDDWLWLDDDDDLWDDDWWWDWWLWWLL,2025-07-27 14:09:22.471248
225,94,2024,Nacional,34,17,17,9,7,2,7,3,4,18,7,11,32,23,9,0.9,1.4,0.5,50,27,23,1.5,1.6,1.4,8,5,3,15,5,10,DLLWLLDLWLDLWLDLWWLLWDLWLWLLWLDLDL,2025-07-27 14:09:22.471324
226,94,2024,Rio Ave,34,17,17,9,6,3,11,8,3,14,3,11,39,25,14,1.1,1.5,0.8,55,24,31,1.6,1.4,1.8,5,3,2,10,2,8,LWLWLDLDLDWWLDLWDLWDDDLWLLLLWDLWDD,2025-07-27 14:09:22.471414
227,94,2024,Santa Clara,34,17,17,17,10,7,6,2,4,11,5,6,36,18,18,1.1,1.1,1.1,32,14,18,0.9,0.8,1.1,11,7,4,11,5,6,WLWWLWWLWLWWWLLWDLDWWLDLDWWLLDWDWW,2025-07-27 14:09:22.471507
228,94,2024,Sporting CP,34,17,17,25,14,11,7,2,5,2,1,1,88,40,48,2.6,2.4,2.8,27,13,14,0.8,0.8,0.8,15,6,9,2,1,1,WWWWWWWWWWWLLWDWDWWWDDDWWWWDWWWWDW,2025-07-27 14:09:22.471603
230,94,2024,Estoril,34,17,17,12,7,5,10,4,6,12,6,6,48,23,25,1.4,1.4,1.5,53,23,30,1.6,1.4,1.8,7,5,2,11,5,6,LLDDWDLLWLDWDLLDWWWWWDWLDDLWLLWLDW,2025-07-27 14:09:22.471690
231,94,2024,Farense,34,17,17,6,3,3,9,2,7,19,12,7,25,10,15,0.7,0.6,0.9,46,24,22,1.4,1.4,1.3,7,3,4,16,9,7,LLLLLLDWLLDWDLWDDDLLLLDLDLLDWLLWWL,2025-07-27 14:09:22.471775
4716,94,2024,Casa Pia,34,17,17,12,8,4,9,4,5,13,5,8,39,22,17,1.1,1.3,1.0,44,19,25,1.3,1.1,1.5,7,3,4,9,3,6,LLLWWDDLWDDLDWWWDWWLWLWLLLWDLDLDWL,2025-07-27 14:09:22.471860
240,94,2024,Arouca,34,17,17,9,5,4,11,6,5,14,6,8,35,16,19,1.0,0.9,1.1,49,19,30,1.4,1.1,1.8,8,5,3,9,5,4,LLWLLWLDLLDLLWLDWDWWDDDLWDLLDWLDDW,2025-07-27 14:09:22.471960
242,94,2024,Famalicao,34,17,17,12,7,5,11,7,4,11,3,8,44,20,24,1.3,1.2,1.4,39,12,27,1.1,0.7,1.6,13,9,4,7,5,2,WWWLDDDDLWDLDDLLDLDWDWWLWLWWWLDLLW,2025-07-27 14:09:22.472047
762,94,2024,GIL Vicente,34,17,17,8,5,3,10,5,5,16,7,9,34,18,16,1.0,1.1,0.9,47,19,28,1.4,1.1,1.6,7,4,3,13,7,6,LWDDDDLWLLLLWWDDDWLLLLLDLLWLLWWLDD,2025-07-27 14:09:22.472131
