team_id,league_id,season,team_name,matches_played_total,matches_played_home,matches_played_away,wins_total,wins_home,wins_away,draws_total,draws_home,draws_away,losses_total,losses_home,losses_away,goals_for_total,goals_for_home,goals_for_away,goals_for_avg_total,goals_for_avg_home,goals_for_avg_away,goals_against_total,goals_against_home,goals_against_away,goals_against_avg_total,goals_against_avg_home,goals_against_avg_away,clean_sheets_total,clean_sheets_home,clean_sheets_away,failed_to_score_total,failed_to_score_home,failed_to_score_away,form,extracted_at
1063,61,2020,Saint Etienne,38,19,19,12,5,7,10,6,4,16,8,8,42,20,22,1.1,1.1,1.2,54,29,25,1.4,1.5,1.3,12,5,7,11,6,5,WWWDLLLLLLLDDDWDDDLLLWDWWDLLWLWWLLWWDL,2025-07-27 14:09:22.448446
77,61,2020,Angers,38,19,19,12,6,6,8,3,5,18,10,8,40,20,20,1.1,1.1,1.1,58,27,31,1.5,1.4,1.6,9,3,6,16,8,8,WLWLWLDWLWLWWDLDWWLLLWDLLDDWLDDLLLLWLL,2025-07-27 14:09:22.448530
78,61,2020,Bordeaux,38,19,19,13,7,6,6,4,2,19,8,11,42,19,23,1.1,1.0,1.2,56,21,35,1.5,1.1,1.8,14,9,5,12,8,4,DWDLDWLWLLWDWLLWLDWWWLLLDLLLWLLLLLWLWW,2025-07-27 14:09:22.448586
79,61,2020,Lille,38,19,19,24,10,14,11,7,4,3,2,1,64,28,36,1.7,1.5,1.9,23,11,12,0.6,0.6,0.6,21,10,11,4,3,1,DWWDWWWDDLWDWWWDWLWWWWWWDWDWDLWWDWWWDW,2025-07-27 14:09:22.448644
80,61,2020,Lyon,38,19,19,22,11,11,10,3,7,6,5,1,81,42,39,2.1,2.2,2.1,43,23,20,1.1,1.2,1.1,11,6,5,3,2,1,WDLDDDWWDWWWWWDWWWDLWWWWLWDWDLDWWLWWWL,2025-07-27 14:09:22.448730
81,61,2020,Marseille,38,19,19,16,10,6,12,5,7,10,4,6,54,32,22,1.4,1.7,1.2,47,23,24,1.2,1.2,1.3,8,2,6,8,3,5,WWLDDDWWWWWWLDLWDLLLDLDWDDLWWLWDWWDLWD,2025-07-27 14:09:22.448810
82,61,2020,Montpellier,38,19,19,14,7,7,12,4,8,12,8,4,60,34,26,1.6,1.8,1.4,62,35,27,1.6,1.8,1.4,5,1,4,6,4,2,LWWWDLDLWWWWLWLDLLDLLLDWWWDDDWDDDLLWDW,2025-07-27 14:09:22.448892
83,61,2020,Nantes,40,20,20,10,3,7,13,8,5,17,9,8,49,21,28,1.2,1.1,1.4,57,30,27,1.4,1.5,1.4,5,2,3,10,5,5,DWLDLLWLWDDLLDLDLDDDLLDLWDDLWDLLLWWWWLWL,2025-07-27 14:09:22.448975
84,61,2020,Nice,38,19,19,15,7,8,7,3,4,16,9,7,50,25,25,1.3,1.3,1.3,53,30,23,1.4,1.6,1.2,9,3,6,11,6,5,WWLLDWWDWLLDLWLDLDLWLLWLLLWWDWWDLWLWLW,2025-07-27 14:09:22.449059
85,61,2020,Paris Saint Germain,38,19,19,26,13,13,4,1,3,8,5,3,86,44,42,2.3,2.3,2.2,28,14,14,0.7,0.7,0.7,19,9,10,6,4,2,LLWWWWWWWWLDWLWDWDWWWLWWWLWWLWLWWWWDWW,2025-07-27 14:09:22.449140
89,61,2020,Dijon,38,19,19,4,1,3,9,6,3,25,12,13,25,8,17,0.7,0.4,0.9,73,31,42,1.9,1.6,2.2,6,4,2,21,13,8,LLLLDLDLDDLWDDLLWDDDLLLLLLLLLLLLWLLLLW,2025-07-27 14:09:22.449220
91,61,2020,Monaco,38,19,19,24,12,12,6,5,1,8,2,6,76,43,33,2.0,2.3,1.7,42,21,21,1.1,1.1,1.1,15,7,8,5,2,3,DWWLWLDLWWWWLLLWDWWWWWWWDWWLDWWWWWLWWD,2025-07-27 14:09:22.449300
92,61,2020,Nimes,38,19,19,9,3,6,8,5,3,21,11,10,40,22,18,1.1,1.2,0.9,71,39,32,1.9,2.1,1.7,8,3,5,13,6,7,WLLDDWLLLLWLLLLDLLLWLLLWWWDLDWLDDLDWLL,2025-07-27 14:09:22.449384
93,61,2020,Reims,38,19,19,9,4,5,15,8,7,14,7,7,42,16,26,1.1,0.8,1.4,50,21,29,1.3,1.1,1.5,10,6,4,14,9,5,DLLLLDLWWDLLDLWDWDWLWWDLDDDWDWDDDLDLLL,2025-07-27 14:09:22.449452
94,61,2020,Rennes,38,19,19,16,9,7,10,4,6,12,6,6,52,26,26,1.4,1.4,1.4,40,21,19,1.1,1.1,1.0,10,4,6,10,4,6,DWWWWDDLWLLDLWWWWDDWLDDLLLLLWWDWWWLDLW,2025-07-27 14:09:22.449515
95,61,2020,Strasbourg,38,19,19,11,4,7,9,5,4,18,10,8,49,21,28,1.3,1.1,1.5,58,29,29,1.5,1.5,1.5,10,5,5,10,6,4,LLLWLLLWLLLDWDWLLWWWDLDLWDDWLLWLDLDLWD,2025-07-27 14:09:22.449594
96,61,2020,Toulouse,2,1,1,1,0,1,0,0,0,1,1,0,2,1,1,1.0,1.0,1.0,2,2,0,1.0,2.0,0.0,1,0,1,0,0,0,LW,2025-07-27 14:09:22.449676
97,61,2020,Lorient,38,19,19,11,10,1,9,2,7,18,7,11,50,31,19,1.3,1.6,1.0,68,29,39,1.8,1.5,2.1,5,4,1,10,4,6,WLLLDLWLDLLLLWLLDLLWWDWDLLWDDDWLLWWLWD,2025-07-27 14:09:22.449758
106,61,2020,Stade Brestois 29,38,19,19,11,8,3,8,4,4,19,7,12,50,32,18,1.3,1.7,0.9,66,33,33,1.7,1.7,1.7,7,3,4,11,3,8,LLWWLWLLLWWWLWDDLWLLLLDWDLLWLDLDDWLLDL,2025-07-27 14:09:22.449839
112,61,2020,Metz,38,19,19,12,5,7,11,5,6,15,9,6,44,19,25,1.2,1.0,1.3,48,26,22,1.3,1.4,1.2,8,4,4,12,6,6,LLLWDWDWWDDLLDWWLDDWWWDLLWWLDLLLDLWLLD,2025-07-27 14:09:22.449935
116,61,2020,Lens,38,19,19,15,7,8,12,7,5,11,5,6,55,28,27,1.4,1.5,1.4,54,26,28,1.4,1.4,1.5,8,4,4,8,5,3,LWWWDWLDWDLWLWLWLLDWLWDDDWDWDWDWDWLLLD,2025-07-27 14:09:22.450014
