team_id,league_id,season,team_name,matches_played_total,matches_played_home,matches_played_away,wins_total,wins_home,wins_away,draws_total,draws_home,draws_away,losses_total,losses_home,losses_away,goals_for_total,goals_for_home,goals_for_away,goals_for_avg_total,goals_for_avg_home,goals_for_avg_away,goals_against_total,goals_against_home,goals_against_away,goals_against_avg_total,goals_against_avg_home,goals_against_avg_away,clean_sheets_total,clean_sheets_home,clean_sheets_away,failed_to_score_total,failed_to_score_home,failed_to_score_away,form,extracted_at
1063,61,2024,Saint Etienne,34,17,17,8,6,2,6,3,3,20,8,12,39,24,15,1.1,1.4,0.9,77,33,44,2.3,1.9,2.6,5,3,2,10,4,6,LLLWLDWLLWLWLLLWLDDLLLDLDWLLDWLLWL,2025-07-27 14:09:22.454438
77,61,2024,Angers,34,17,17,10,5,5,6,2,4,18,10,8,32,18,14,0.9,1.1,0.8,53,33,20,1.6,1.9,1.2,7,3,4,14,7,7,LLLDDLDDWWLLWLLWWWLDLWDLLLLLWLLWWL,2025-07-27 14:09:22.454517
79,61,2024,Lille,34,17,17,17,11,6,9,4,5,8,2,6,52,31,21,1.5,1.8,1.2,36,18,18,1.1,1.1,1.1,11,4,7,5,0,5,WWLLDWWDWDDWDWDDDWLWLWWLWLWLWWWDLW,2025-07-27 14:09:22.454602
80,61,2024,Lyon,34,17,17,17,11,6,6,2,4,11,4,7,65,37,28,1.9,2.2,1.6,46,21,25,1.4,1.2,1.5,10,6,4,5,2,3,LLWDLWWWDDWDWWLWLDDLWWLWWWLWWLWLLW,2025-07-27 14:09:22.454683
81,61,2024,Marseille,34,17,17,20,10,10,5,4,1,9,3,6,74,41,33,2.2,2.4,1.9,47,23,24,1.4,1.4,1.4,5,2,3,6,2,4,WDWWWLDWLWLWWWDWWDLWWWLWLLLWLWWDWW,2025-07-27 14:09:22.454765
82,61,2024,Montpellier,34,17,17,4,3,1,4,4,0,26,10,16,23,17,6,0.7,1.0,0.4,79,41,38,2.3,2.4,2.2,1,1,0,20,7,13,DLLLWLLLLLWLDLDLLWWLLLLLLLLLLLDLLL,2025-07-27 14:09:22.454829
83,61,2024,Nantes,34,17,17,8,5,3,12,6,6,14,6,8,39,19,20,1.1,1.1,1.2,52,18,34,1.5,1.1,2.0,6,5,1,8,5,3,DWWLDDLDLLLLDWLDDDDWLLWLLWLWLDDLDW,2025-07-27 14:09:22.454885
84,61,2024,Nice,34,17,17,17,11,6,9,4,5,8,2,6,66,38,28,1.9,2.2,1.6,41,15,26,1.2,0.9,1.5,8,6,2,4,1,3,LDWLWDDDWWDWLWDWWLWDWWWWLDLLDWWWLW,2025-07-27 14:09:22.454940
85,61,2024,Paris Saint Germain,34,17,17,26,14,12,6,2,4,2,1,1,92,45,47,2.7,2.6,2.8,35,16,19,1.0,0.9,1.1,7,4,3,1,0,1,WWWWDWDWWWWWDDWWWWDWWWWWWWWWWDLLWW,2025-07-27 14:09:22.454992
91,61,2024,Monaco,34,17,17,18,12,6,7,3,4,9,2,7,63,38,25,1.9,2.2,1.5,41,16,25,1.2,0.9,1.5,11,7,4,5,3,2,WWDWWWWDLLWWLWDLDLWWLWLWDWWLWDDWWL,2025-07-27 14:09:22.455056
93,61,2024,Reims,36,18,18,8,4,4,10,4,6,18,10,8,35,18,17,1.0,1.0,0.9,51,28,23,1.4,1.6,1.3,7,2,5,15,7,8,LDWWDWWLLLWDLDDLLDDLLLLLLDWLWWDLLLDL,2025-07-27 14:09:22.455142
94,61,2024,Rennes,34,17,17,13,9,4,2,1,1,19,7,12,51,25,26,1.5,1.5,1.5,50,17,33,1.5,1.0,1.9,11,8,3,7,3,4,WLLWDLLDWLLLWLWLLLLWWLWWLLWLWWLLWL,2025-07-27 14:09:22.455223
95,61,2024,Strasbourg,34,17,17,16,10,6,9,5,4,9,2,7,56,33,23,1.6,1.9,1.4,44,20,24,1.3,1.2,1.4,10,4,6,5,2,3,DWLDDWDLWLLLLDWWWDWLWWDWWWWWDDWWLL,2025-07-27 14:09:22.455304
96,61,2024,Toulouse,34,17,17,11,5,6,9,5,4,14,7,7,44,20,24,1.3,1.2,1.4,43,22,21,1.3,1.3,1.2,10,4,6,8,2,6,DDLWLLLDWWWLWLWWLDLDDLWWDLLLLLDWDW,2025-07-27 14:09:22.455390
106,61,2024,Stade Brestois 29,34,17,17,15,10,5,5,3,2,14,4,10,52,31,21,1.5,1.8,1.2,59,21,38,1.7,1.2,2.2,10,7,3,7,2,5,LLWLWLWDWLLLWLWLWWWLWDDLWDWWDLLWWL,2025-07-27 14:09:22.455470
108,61,2024,Auxerre,34,17,17,11,7,4,9,6,3,14,4,10,48,24,24,1.4,1.4,1.4,51,17,34,1.5,1.0,2.0,10,7,3,7,4,3,WLLLLWLWDWWWLDDLDLDLDDWLWDWWLLWLDL,2025-07-27 14:09:22.455547
111,61,2024,Le Havre,34,17,17,10,3,7,4,2,2,20,12,8,40,15,25,1.2,0.9,1.5,71,41,30,2.1,2.4,1.8,4,1,3,9,6,3,LWWLLLLLLWLWLLLLLDLDWLLWDLWWLLDWLW,2025-07-27 14:09:22.455634
112,61,2024,Metz,2,1,1,1,0,1,1,1,0,0,0,0,4,1,3,2.0,1.0,3.0,2,1,1,1.0,1.0,1.0,0,0,0,0,0,0,DW,2025-07-27 14:09:22.455711
116,61,2024,Lens,34,17,17,15,7,8,7,2,5,12,8,4,42,19,23,1.2,1.1,1.4,39,22,17,1.1,1.3,1.0,13,8,5,10,7,3,WWDDDDDWLLWLWWDLWLWWLLLLWWLWLWLWDW,2025-07-27 14:09:22.455791
