team_id,league_id,season,team_name,matches_played_total,matches_played_home,matches_played_away,wins_total,wins_home,wins_away,draws_total,draws_home,draws_away,losses_total,losses_home,losses_away,goals_for_total,goals_for_home,goals_for_away,goals_for_avg_total,goals_for_avg_home,goals_for_avg_away,goals_against_total,goals_against_home,goals_against_away,goals_against_avg_total,goals_against_avg_home,goals_against_avg_away,clean_sheets_total,clean_sheets_home,clean_sheets_away,failed_to_score_total,failed_to_score_home,failed_to_score_away,form,extracted_at
157,78,2021,Bayern München,34,17,17,24,13,11,5,2,3,5,2,3,97,48,49,2.9,2.8,2.9,37,15,22,1.1,0.9,1.3,11,7,4,0,0,0,DWWWWWLWWWWLWWWWWLWWWLWWDDWWWWWLDD,2025-07-27 14:09:22.442907
159,78,2021,Hertha BSC,36,18,18,10,6,4,6,3,3,20,9,11,39,24,15,1.1,1.3,0.8,72,34,38,2.0,1.9,2.1,7,4,3,9,1,8,LLLWWLLWWLDLDDWLWLDLDLLLLLWLLWWDLLLW,2025-07-27 14:09:22.442987
160,78,2021,SC Freiburg,34,17,17,15,8,7,10,5,5,9,4,5,58,32,26,1.7,1.9,1.5,46,25,21,1.4,1.5,1.2,10,4,6,6,1,5,DWWDDWWDWWLLLWLDWDLWLDWWDWDLWWDWLL,2025-07-27 14:09:22.443067
161,78,2021,VfL Wolfsburg,34,17,17,12,7,5,6,3,3,16,7,9,43,25,18,1.3,1.5,1.1,54,21,33,1.6,1.2,1.9,11,7,4,10,4,6,WWWWDLLLLWWDLLLLLLDLWWLDWLLLWLWDWD,2025-07-27 14:09:22.443151
163,78,2021,Borussia Mönchengladbach,34,17,17,12,8,4,9,4,5,13,5,8,54,33,21,1.6,1.9,1.2,61,27,34,1.8,1.6,2.0,5,3,2,5,1,4,DLLWLWWDLWDWLLLLDWLLDWLDLWWDWLDWDW,2025-07-27 14:09:22.443225
164,78,2021,FSV Mainz 05,34,17,17,13,10,3,7,5,2,14,2,12,50,33,17,1.5,1.9,1.0,45,11,34,1.3,0.6,2.0,10,9,1,7,3,4,WLWWDLLLWWDDLWLWLLWLWDWLLWDLLDLWWD,2025-07-27 14:09:22.443297
165,78,2021,Borussia Dortmund,34,17,17,22,13,9,3,0,3,9,4,5,85,52,33,2.5,3.1,1.9,52,28,24,1.5,1.6,1.4,7,4,3,1,0,1,WLWWWLWWWWLWWLDWLWWWLWWDWWDLWWLLWW,2025-07-27 14:09:22.443369
167,78,2021,1899 Hoffenheim,34,17,17,13,8,5,7,4,3,14,5,9,58,34,24,1.7,2.0,1.4,60,24,36,1.8,1.4,2.1,8,5,3,8,2,6,WDLLDWLWLWLWWWWDDWLLLWWWWDLLLDDLLL,2025-07-27 14:09:22.443436
168,78,2021,Bayer Leverkusen,34,17,17,19,10,9,7,2,5,8,5,3,80,39,41,2.4,2.3,2.4,47,23,24,1.4,1.4,1.4,8,5,3,4,3,1,DWWLWWWLDLDWWWLDLDWWWWLWDLWWDLWWWW,2025-07-27 14:09:22.443505
169,78,2021,Eintracht Frankfurt,34,17,17,10,4,6,12,7,5,12,6,6,45,20,25,1.3,1.2,1.5,49,22,27,1.4,1.3,1.6,5,3,2,10,5,5,LDDDDDWLLDWWWLWWWLDLWLLLWWDDLLDLDD,2025-07-27 14:09:22.443576
170,78,2021,FC Augsburg,34,17,17,10,7,3,8,4,4,16,6,10,39,25,14,1.1,1.5,0.8,56,26,30,1.6,1.5,1.8,9,3,6,9,2,7,LDLDWLLDLWLWDLWDDLDLWLLDWLWWLLWLLW,2025-07-27 14:09:22.443651
172,78,2021,VfB Stuttgart,34,17,17,7,6,1,12,4,8,15,7,8,41,28,13,1.2,1.6,0.8,59,32,27,1.7,1.9,1.6,4,0,4,11,4,7,WLLDLDWDDLLLWDWLLDLLLLDLWDWDLDLDDW,2025-07-27 14:09:22.443736
173,78,2021,RB Leipzig,34,17,17,17,11,6,7,2,5,10,4,6,72,43,29,2.1,2.5,1.7,37,17,20,1.1,1.0,1.2,10,7,3,5,2,3,LWLLDWWDWDWLLLWDLWWWLWWWDWDWWWLLWD,2025-07-27 14:09:22.443814
175,78,2021,Hamburger SV,2,1,1,1,0,1,0,0,0,1,1,0,1,0,1,0.5,0.0,1.0,2,2,0,1.0,2.0,0.0,1,0,1,1,1,0,WL,2025-07-27 14:09:22.443892
176,78,2021,VfL Bochum,34,17,17,12,8,4,6,4,2,16,5,11,38,21,17,1.1,1.2,1.0,52,17,35,1.5,1.0,2.1,7,6,1,13,6,7,LWLLLDLWWLWLWWDLLWLDDWDLWLLWDLLWWL,2025-07-27 14:09:22.443970
178,78,2021,SpVgg Greuther Fürth,34,17,17,3,3,0,9,5,4,22,9,13,28,15,13,0.8,0.9,0.8,82,33,49,2.4,1.9,2.9,6,4,2,11,6,5,LDLLLLLLLLLLLLWLDDDWLWLDLLDDLDLDLL,2025-07-27 14:09:22.444052
182,78,2021,Union Berlin,34,17,17,16,10,6,9,5,4,9,2,7,50,25,25,1.5,1.5,1.5,44,17,27,1.3,1.0,1.6,8,7,1,8,3,5,DDWDLWWWDLDWLWLDWDWWLLLWLDLWWWWDWW,2025-07-27 14:09:22.444130
188,78,2021,Arminia Bielefeld,34,17,17,5,2,3,13,10,3,16,5,11,27,15,12,0.8,0.9,0.7,53,23,30,1.6,1.4,1.8,7,4,3,13,5,8,DDDLDLLDLLWDLDLWWDDWDLWLLLLDLLLDLD,2025-07-27 14:09:22.444192
192,78,2021,1.FC Köln,34,17,17,14,9,5,10,4,6,10,4,6,52,27,25,1.5,1.6,1.5,49,21,28,1.4,1.2,1.6,4,3,1,7,4,3,WLWDDDWLDLDDWDLWWWLDWLWDLWDLWWWWLL,2025-07-27 14:09:22.444249
