team_id,league_id,season,team_name,matches_played_total,matches_played_home,matches_played_away,wins_total,wins_home,wins_away,draws_total,draws_home,draws_away,losses_total,losses_home,losses_away,goals_for_total,goals_for_home,goals_for_away,goals_for_avg_total,goals_for_avg_home,goals_for_avg_away,goals_against_total,goals_against_home,goals_against_away,goals_against_avg_total,goals_against_avg_home,goals_against_avg_away,clean_sheets_total,clean_sheets_home,clean_sheets_away,failed_to_score_total,failed_to_score_home,failed_to_score_away,form,extracted_at
157,78,2022,Bayern München,34,17,17,21,11,10,8,5,3,5,1,4,92,53,39,2.7,3.1,2.3,38,17,21,1.1,1.0,1.2,11,7,4,1,0,1,WWWDDDLWDWWWWWWDDDWWLWWWLWWDLWWWLW,2025-07-27 14:09:22.444299
159,78,2022,Hertha BSC,34,17,17,7,5,2,8,6,2,19,6,13,42,24,18,1.2,1.4,1.1,69,27,42,2.0,1.6,2.5,3,2,1,8,4,4,LDLLWDDDDLWLLLWLLLLWLWLDLDLLLLWLDW,2025-07-27 14:09:22.444366
160,78,2022,SC Freiburg,34,17,17,17,10,7,8,4,4,9,3,6,51,28,23,1.5,1.6,1.4,44,13,31,1.3,0.8,1.8,13,6,7,7,3,4,WLWWWDDWDLWWWLWLDWLWWDDWDDLWWWLLWL,2025-07-27 14:09:22.444425
161,78,2022,VfL Wolfsburg,34,17,17,13,6,7,10,7,3,11,4,7,57,34,23,1.7,2.0,1.4,48,25,23,1.4,1.5,1.4,12,6,6,10,3,7,DLDLLWLWDDDWWWWWWLLDLWDDWDLDWWLWLL,2025-07-27 14:09:22.444482
162,78,2022,Werder Bremen,34,17,17,10,5,5,6,2,4,18,10,8,51,26,25,1.5,1.5,1.5,64,28,36,1.9,1.6,2.1,4,2,2,6,3,3,DDWLWLDWWLLWWLLLLWWLLWLLDLDLWLLLDL,2025-07-27 14:09:22.444545
163,78,2022,Borussia Mönchengladbach,34,17,17,11,10,1,10,3,7,13,4,9,52,33,19,1.5,1.9,1.1,55,18,37,1.6,1.1,2.2,9,7,2,9,4,5,WDWDLDWLWDLLWLWLLWDLWLDLDDWDLLWLDW,2025-07-27 14:09:22.444619
164,78,2022,FSV Mainz 05,34,17,17,12,6,6,10,6,4,12,5,7,54,31,23,1.6,1.8,1.4,55,25,30,1.6,1.5,1.8,7,4,3,6,3,3,WDWLWLDLDWWLLLDDLWLWWWWDDWDDWLLLLD,2025-07-27 14:09:22.444703
165,78,2022,Borussia Dortmund,34,17,17,22,14,8,5,2,3,7,1,6,83,55,28,2.4,3.2,1.6,44,17,27,1.3,1.0,1.6,12,7,5,3,0,3,WWLWWLWLDLWWWLLWWWWWWWWDWLWDWDWWWD,2025-07-27 14:09:22.444785
167,78,2022,1899 Hoffenheim,34,17,17,10,7,3,6,2,4,18,8,10,48,28,20,1.4,1.6,1.2,57,29,28,1.7,1.7,1.6,5,3,2,7,3,4,LWWWLWDDLWLDLLLLDLLLLLLLWWWDLLWLWD,2025-07-27 14:09:22.444862
168,78,2022,Bayer Leverkusen,34,17,17,14,8,6,8,3,5,12,6,6,57,35,22,1.7,2.1,1.3,49,23,26,1.4,1.4,1.5,9,5,4,9,2,7,LLLWLDDLWLDLWWWWWLLWLDWWWWWDWDLDDL,2025-07-27 14:09:22.444943
169,78,2022,Eintracht Frankfurt,34,17,17,13,9,4,11,5,6,10,3,7,58,35,23,1.7,2.1,1.4,52,18,34,1.5,1.1,2.0,6,6,0,5,1,4,LDDWWLWWLWWLWWDWDDWLWLDDLDLDLDLWDW,2025-07-27 14:09:22.445021
170,78,2022,FC Augsburg,34,17,17,9,6,3,7,4,3,18,7,11,42,16,26,1.2,0.9,1.5,63,24,39,1.9,1.4,2.3,6,5,1,7,4,3,LWLLLWWWDLDLLDLLWLWLWLWLDDLLDDWLLL,2025-07-27 14:09:22.445104
172,78,2022,VfB Stuttgart,36,18,18,9,6,3,12,6,6,15,6,9,51,26,25,1.4,1.4,1.4,58,22,36,1.6,1.2,2.0,3,2,1,8,4,4,DDLDDDLLLWLWLWLDDLLLWLLDLLWDDWLDWDWW,2025-07-27 14:09:22.445184
173,78,2022,RB Leipzig,34,17,17,20,13,7,6,2,4,8,2,6,64,38,26,1.9,2.2,1.5,41,18,23,1.2,1.1,1.4,10,6,4,6,1,5,DDLWLWLWDWDWWWWDWWDLWWLWLLWWLWWWWW,2025-07-27 14:09:22.445263
174,78,2022,FC Schalke 04,34,17,17,7,5,2,10,5,5,17,7,10,35,23,12,1.0,1.4,0.7,71,36,35,2.1,2.1,2.1,7,3,4,15,6,9,LDDLDWLLLLLLLWLLLDDDDWWDDLLWLWWLDL,2025-07-27 14:09:22.445320
175,78,2022,Hamburger SV,2,1,1,0,0,0,0,0,0,2,1,1,1,1,0,0.5,1.0,0.0,6,3,3,3.0,3.0,3.0,0,0,0,1,0,1,LL,2025-07-27 14:09:22.445390
176,78,2022,VfL Bochum,34,17,17,10,8,2,5,2,3,19,7,12,40,28,12,1.2,1.6,0.7,72,32,40,2.1,1.9,2.4,5,3,2,12,4,8,LLLLLLDLWLWLLWWWLLWLLLLWWDLDLDLWDW,2025-07-27 14:09:22.445451
182,78,2022,Union Berlin,34,17,17,18,11,7,8,6,2,8,0,8,51,30,21,1.5,1.8,1.2,38,11,27,1.1,0.6,1.6,13,8,5,8,3,5,WDWWDWWLWWLWLDLWWWWWDLDDWWLDWDLWLW,2025-07-27 14:09:22.445505
192,78,2022,1.FC Köln,34,17,17,10,6,4,12,5,7,12,6,6,49,28,21,1.4,1.6,1.2,54,20,34,1.6,1.2,2.0,6,4,2,13,7,6,WDDDWLDWLWLDLLLWDDDWLLDLLDWDWLWWDL,2025-07-27 14:09:22.445574
