team_id,league_id,season,team_name,matches_played_total,matches_played_home,matches_played_away,wins_total,wins_home,wins_away,draws_total,draws_home,draws_away,losses_total,losses_home,losses_away,goals_for_total,goals_for_home,goals_for_away,goals_for_avg_total,goals_for_avg_home,goals_for_avg_away,goals_against_total,goals_against_home,goals_against_away,goals_against_avg_total,goals_against_avg_home,goals_against_avg_away,clean_sheets_total,clean_sheets_home,clean_sheets_away,failed_to_score_total,failed_to_score_home,failed_to_score_away,form,extracted_at
211,94,2020,Benfica,34,17,17,23,12,11,7,3,4,4,2,2,69,31,38,2.0,1.8,2.2,27,15,12,0.8,0.9,0.7,15,8,7,4,1,3,WWWWWLLWWWWDWDDLDWDDWWWWWWLWWWDWWW,2025-07-27 14:09:22.464749
212,94,2020,FC Porto,34,17,17,24,13,11,8,3,5,2,1,1,74,40,34,2.2,2.4,2.0,29,15,14,0.9,0.9,0.8,16,8,8,2,1,1,WWLDWLWWWWWWWDWWDDDWDWWWWWWWDWDWWW,2025-07-27 14:09:22.464827
214,94,2020,Maritimo,34,17,17,10,5,5,5,3,2,19,9,10,27,10,17,0.8,0.6,1.0,47,21,26,1.4,1.2,1.5,10,7,3,13,8,5,LWWLLDLLLWWDLWLLLLLLDLWLLWLWWWLDDL,2025-07-27 14:09:22.464906
215,94,2020,Moreirense,34,17,17,10,4,6,13,10,3,11,3,8,37,24,13,1.1,1.4,0.8,43,23,20,1.3,1.4,1.2,9,3,6,11,2,9,WLDDWLLLDDWLDWDLWWDLDWDLDWLDDLDWLW,2025-07-27 14:09:22.464999
216,94,2020,Portimonense,34,17,17,9,6,3,8,5,3,17,6,11,34,20,14,1.0,1.2,0.8,41,17,24,1.2,1.0,1.4,11,9,2,14,5,9,DLLWLLLWLDLWLWDLLDWLDWLLWWWLDDLLLD,2025-07-27 14:09:22.465082
217,94,2020,SC Braga,34,17,17,19,11,8,7,3,4,8,3,5,53,27,26,1.6,1.6,1.5,33,15,18,1.0,0.9,1.1,11,5,6,8,3,5,LLWWWWWWLWWLWLWWWDWWWWDLWDDWLLDDWD,2025-07-27 14:09:22.465172
218,94,2020,Tondela,34,17,17,10,8,2,6,2,4,18,7,11,36,18,18,1.1,1.1,1.1,57,21,36,1.7,1.2,2.1,6,6,0,12,6,6,DLLDWLWLLDLWLWLWLLWLWLLDWLWWDLDLLL,2025-07-27 14:09:22.465234
221,94,2020,Belenenses,34,17,17,9,6,3,13,5,8,12,6,6,25,15,10,0.7,0.9,0.6,35,18,17,1.0,1.1,1.0,13,6,7,18,7,11,WLDDLDDDWLLDLLWLDDDWDLWDLDWDWLWWLL,2025-07-27 14:09:22.465295
222,94,2020,Boavista,34,17,17,8,5,3,12,4,8,14,8,6,39,17,22,1.1,1.0,1.3,49,22,27,1.4,1.3,1.6,9,6,3,11,7,4,DLDLDWLDDDLDDLLWLLDWLWLLWDWLLDDLWW,2025-07-27 14:09:22.465386
224,94,2020,Guimaraes,34,17,17,12,7,5,7,1,6,15,9,6,37,21,16,1.1,1.2,0.9,44,27,17,1.3,1.6,1.0,12,5,7,11,3,8,LDWWLWLWWWLDWWWDDLDLWLLLLLWLLWDLDL,2025-07-27 14:09:22.465466
225,94,2020,Nacional,34,17,17,6,4,2,7,3,4,21,10,11,30,19,11,0.9,1.1,0.6,59,30,29,1.7,1.8,1.7,7,3,4,11,4,7,DWDLDDWLLLWLLLDWDWLLLLLLLLLLWLDLLL,2025-07-27 14:09:22.465551
226,94,2020,Rio Ave,36,18,18,7,4,3,13,6,7,16,8,8,25,12,13,0.7,0.7,0.7,45,20,25,1.3,1.1,1.4,11,8,3,21,11,10,DDDLWWDLDLLLWDLLDWWLLWDDLDDLDDLLLWLL,2025-07-27 14:09:22.465631
227,94,2020,Santa Clara,34,17,17,13,7,6,7,5,2,14,5,9,44,26,18,1.3,1.5,1.1,36,16,20,1.1,0.9,1.2,10,8,2,10,5,5,WWDLLWLLWLLDDLWWDWLLWLWDLWLDLDLWWW,2025-07-27 14:09:22.465709
228,94,2020,Sporting CP,34,17,17,26,13,13,7,4,3,1,0,1,65,34,31,1.9,2.0,1.8,20,10,10,0.6,0.6,0.6,20,9,11,1,0,1,WWDWWWWWDWWWWDWWWWWWDWWWDDWDWWWWLW,2025-07-27 14:09:22.465790
231,94,2020,Farense,34,17,17,7,4,3,10,6,4,17,7,10,31,19,12,0.9,1.1,0.7,48,20,28,1.4,1.2,1.6,6,2,4,16,6,10,LLLDLDWLWLDLWLLDLWDDDLLWLLLWDDDLWL,2025-07-27 14:09:22.465870
234,94,2020,Pacos Ferreira,34,17,17,15,10,5,8,3,5,11,4,7,40,23,17,1.2,1.4,1.0,41,19,22,1.2,1.1,1.3,9,6,3,11,5,6,DLLWDWWWLDDWWWWWWDLWLWLWLLLLDWDDLW,2025-07-27 14:09:22.465947
240,94,2020,Arouca,2,1,1,2,1,1,0,0,0,0,0,0,5,3,2,2.5,3.0,2.0,0,0,0,0.0,0.0,0.0,2,1,1,0,0,0,WW,2025-07-27 14:09:22.466029
242,94,2020,Famalicao,34,17,17,10,4,6,10,7,3,14,6,8,40,19,21,1.2,1.1,1.2,48,24,24,1.4,1.4,1.4,9,5,4,13,6,7,LWDDDLWLDDLLLWLLLLDWDLDWWDLWDLWWWL,2025-07-27 14:09:22.466108
762,94,2020,GIL Vicente,34,17,17,11,4,7,6,4,2,17,9,8,33,13,20,1.0,0.8,1.2,42,20,22,1.2,1.2,1.3,11,6,5,10,6,4,WDDLLLLWDLWDLLLLWLLWLLWWWLWLLDWDWL,2025-07-27 14:09:22.466190
