team_id,league_id,season,team_name,matches_played_total,matches_played_home,matches_played_away,wins_total,wins_home,wins_away,draws_total,draws_home,draws_away,losses_total,losses_home,losses_away,goals_for_total,goals_for_home,goals_for_away,goals_for_avg_total,goals_for_avg_home,goals_for_avg_away,goals_against_total,goals_against_home,goals_against_away,goals_against_avg_total,goals_against_avg_home,goals_against_avg_away,clean_sheets_total,clean_sheets_home,clean_sheets_away,failed_to_score_total,failed_to_score_home,failed_to_score_away,form,extracted_at
529,140,2022,Barcelona,38,19,19,28,15,13,4,3,1,6,1,5,70,37,33,1.8,1.9,1.7,20,4,16,0.5,0.2,0.8,26,16,10,4,2,2,DWWWWWWWLWWWWWDWWWWWWWLWWWWDDWLWWWLLWL,2025-07-27 14:09:22.429550
530,140,2022,Atletico Madrid,38,19,19,23,13,10,8,3,5,7,3,4,70,41,29,1.8,2.2,1.5,33,15,18,0.9,0.8,0.9,13,6,7,5,2,3,WLWDWLWWWDWLDLWLDWWDWWDWWWWWWLWWWLWDWD,2025-07-27 14:09:22.429625
531,140,2022,Athletic Club,38,19,19,14,8,6,9,3,6,15,8,7,47,22,25,1.2,1.2,1.3,43,15,28,1.1,0.8,1.5,11,8,3,16,10,6,DWWLWWWDLDLWLWDDLLLWWLLDLWDWWWLDLLWLLD,2025-07-27 14:09:22.429700
532,140,2022,Valencia,38,19,19,11,8,3,9,5,4,18,6,12,42,27,15,1.1,1.4,0.8,45,19,26,1.2,1.0,1.4,7,6,1,12,4,8,WLLWLWDWDDLLDWLLDLLLLLWLWLDLLWWLDWWLDD,2025-07-27 14:09:22.429774
533,140,2022,Villarreal,38,19,19,19,12,7,7,3,4,12,4,8,59,36,23,1.6,1.9,1.2,40,18,22,1.1,0.9,1.2,12,5,7,9,3,6,WWDWLDDLWLWLLWWWDWLLLLWWDWWWLLWWDWWWLD,2025-07-27 14:09:22.429848
536,140,2022,Sevilla,38,19,19,13,7,6,10,5,5,15,7,8,47,24,23,1.2,1.3,1.2,54,25,29,1.4,1.3,1.5,9,4,5,7,5,2,LDLLWDLDWDLLDLDWLWWLWDLLWLWDWWWLWWDDLL,2025-07-27 14:09:22.429938
538,140,2022,Celta Vigo,38,19,19,11,7,4,10,6,4,17,6,11,43,26,17,1.1,1.4,0.9,53,21,32,1.4,1.1,1.7,10,6,4,10,2,8,DLWWLLWLLLDLLDDWDLWWLDWDWWDDLLWLLLLDLW,2025-07-27 14:09:22.430016
540,140,2022,Espanyol,38,19,19,8,4,4,13,7,6,17,8,9,52,27,25,1.4,1.4,1.3,69,35,34,1.8,1.8,1.8,6,4,2,4,3,1,DLLWLLDDWLDDDLDDWWLDLWWLLLLLLDLWLLWDDD,2025-07-27 14:09:22.430102
541,140,2022,Real Madrid,38,19,19,24,13,11,6,5,1,8,1,7,75,44,31,2.0,2.3,1.6,36,16,20,0.9,0.8,1.1,13,6,7,5,1,4,WWWWWWDWWWWDLWWLWDWLWWDDWLWLWWLWLWLWWD,2025-07-27 14:09:22.430177
798,140,2022,Mallorca,38,19,19,14,10,4,8,5,3,16,4,12,37,22,15,1.0,1.2,0.8,43,12,31,1.1,0.6,1.6,13,9,4,13,4,9,DLWDLWLDLLWDWWLWLWLWLWLLDLDDWWLDLWLWLW,2025-07-27 14:09:22.430255
543,140,2022,Real Betis,38,19,19,17,9,8,9,5,4,12,5,7,46,26,20,1.2,1.4,1.1,41,18,23,1.1,0.9,1.2,13,7,6,13,5,8,WWWLWWLDWDLWDLDWLWLLWWWDDWLLWLDLWWDLWD,2025-07-27 14:09:22.430316
797,140,2022,Elche,38,19,19,5,3,2,10,6,4,23,10,13,30,18,12,0.8,0.9,0.6,67,29,38,1.8,1.5,2.0,4,2,2,16,7,9,LDLLLLLDDLDLLLLLDDLWLLLWDLLLLLLWLWDDWD,2025-07-27 14:09:22.430402
546,140,2022,Getafe,38,19,19,10,7,3,12,6,6,16,6,10,34,21,13,0.9,1.1,0.7,45,20,25,1.2,1.1,1.3,13,7,6,14,6,8,LLDLWWLLDDDWDLWLLLLDDWLWDWDLDLLLWLDWWD,2025-07-27 14:09:22.430493
547,140,2022,Girona,38,19,19,13,10,3,10,3,7,15,6,9,58,35,23,1.5,1.8,1.2,55,26,29,1.4,1.4,1.5,4,2,2,8,3,5,LWLDWLLLDLDDWWDDWLLWLWWLLDWDWLWWWDLDLL,2025-07-27 14:09:22.430579
548,140,2022,Real Sociedad,38,19,19,21,11,10,8,5,3,9,3,6,51,26,25,1.3,1.4,1.3,35,16,19,0.9,0.8,1.0,15,8,7,9,3,6,WLWDLWWWWWLLDWWWWWDLWDLDDWLWLWDWWDWWLW,2025-07-27 14:09:22.430661
720,140,2022,Valladolid,38,19,19,11,8,3,7,4,3,20,7,13,33,21,12,0.9,1.1,0.6,63,25,38,1.7,1.3,2.0,9,7,2,18,8,10,LDLWLLWDLWWLWLLLLLWWDLLWDLLDWWLLLLLWDD,2025-07-27 14:09:22.430716
723,140,2022,Almeria,38,19,19,11,10,1,8,3,5,19,6,13,49,29,20,1.3,1.5,1.1,65,22,43,1.7,1.2,2.3,4,4,0,10,4,6,LDWLLLLWLWLWLWDLDDWLLLWLLDDWLLWLWLWLDD,2025-07-27 14:09:22.430766
724,140,2022,Cadiz,38,19,19,10,7,3,12,6,6,16,6,10,30,19,11,0.8,1.0,0.6,53,23,30,1.4,1.2,1.6,13,7,6,17,8,9,LLLLLWDDDDLWDLDWDLWLWLWDDDLWLDLWLLWLWD,2025-07-27 14:09:22.430817
727,140,2022,Osasuna,38,19,19,15,11,4,8,1,7,15,7,8,37,24,13,1.0,1.3,0.7,42,21,21,1.1,1.1,1.1,11,6,5,15,6,9,WWLWWLDLLWDWWLLDWDLDDLWDLLDWLWWLLWLWLW,2025-07-27 14:09:22.430867
728,140,2022,Rayo Vallecano,38,19,19,13,9,4,10,5,5,15,5,10,45,28,17,1.2,1.5,0.9,53,22,31,1.4,1.2,1.6,9,4,5,10,5,5,DWLLWLWLDDWWWDDLWLWWDDLDLDDLWLWLWLLLWL,2025-07-27 14:09:22.430916
