team_id,league_id,season,team_name,matches_played_total,matches_played_home,matches_played_away,wins_total,wins_home,wins_away,draws_total,draws_home,draws_away,losses_total,losses_home,losses_away,goals_for_total,goals_for_home,goals_for_away,goals_for_avg_total,goals_for_avg_home,goals_for_avg_away,goals_against_total,goals_against_home,goals_against_away,goals_against_avg_total,goals_against_avg_home,goals_against_avg_away,clean_sheets_total,clean_sheets_home,clean_sheets_away,failed_to_score_total,failed_to_score_home,failed_to_score_away,form,extracted_at
529,140,2023,Barcelona,38,19,19,26,15,11,7,1,6,5,3,2,79,43,36,2.1,2.3,1.9,44,21,23,1.2,1.1,1.2,17,11,6,2,0,2,DWWWWWDWDWLWWDWLDWWWLWWDWWDWWWWLWLWWWW,2025-07-27 14:09:22.430966
530,140,2023,Atletico Madrid,38,19,19,24,16,8,4,1,3,10,2,8,70,42,28,1.8,2.2,1.5,43,22,21,1.1,1.2,1.1,13,5,8,8,1,7,WDWLWWWWWWLWWLWLDWLWWWDLWDWLLWWLWWWWLW,2025-07-27 14:09:22.431021
531,140,2023,Athletic Club,38,19,19,19,12,7,11,6,5,8,1,7,61,42,19,1.6,2.2,1.0,37,18,19,1.0,0.9,1.0,18,9,9,9,2,7,LWWDWWDLWLDWWDWDWWWWLDWDWLDWWLDDLWDLWW,2025-07-27 14:09:22.431087
532,140,2023,Valencia,38,19,19,13,8,5,10,6,4,15,5,10,40,20,20,1.1,1.1,1.1,45,14,31,1.2,0.7,1.6,13,10,3,13,6,7,WWLLWDLLDWDWLDLLDWWWWLWLDDWLDWWLLLDLLD,2025-07-27 14:09:22.431169
533,140,2023,Villarreal,38,19,19,14,7,7,11,5,6,13,7,6,65,36,29,1.7,1.9,1.5,65,32,33,1.7,1.7,1.7,6,3,3,4,2,2,LWLLWDLDLDWLLWDLLWLLDWDDDWWWWLDWWLWWDD,2025-07-27 14:09:22.431233
534,140,2023,Las Palmas,38,19,19,10,6,4,10,6,4,18,7,11,33,20,13,0.9,1.1,0.7,47,20,27,1.2,1.1,1.4,8,5,3,17,6,11,DLDLLWLWWLWWDLWWDLLWWLDWLDDLLLLLLLLDDD,2025-07-27 14:09:22.431308
536,140,2023,Sevilla,38,19,19,10,6,4,11,5,6,17,8,9,48,27,21,1.3,1.4,1.1,54,27,27,1.4,1.4,1.4,8,3,5,10,3,7,LLLWDWLDDDDDLDLLWLLLLDWWDLWDLWWWDWLLLL,2025-07-27 14:09:22.431394
538,140,2023,Celta Vigo,38,19,19,10,6,4,11,6,5,17,7,10,46,21,25,1.2,1.1,1.3,57,23,34,1.5,1.2,1.8,6,3,3,13,7,6,LDLWLLDLDLLDLDDDWLWDLLWLLDWLWDLWLWLWWD,2025-07-27 14:09:22.431466
541,140,2023,Real Madrid,38,19,19,29,16,13,8,3,5,1,0,1,87,48,39,2.3,2.5,2.1,26,9,17,0.7,0.5,0.9,21,12,9,2,2,0,WWWWWLWWWDWDWWWDWWWWWWDWDWDWWWWWWWWWDD,2025-07-27 14:09:22.431552
542,140,2023,Alaves,38,19,19,12,9,3,10,4,6,16,6,10,36,23,13,0.9,1.2,0.7,46,19,27,1.2,1.0,1.4,11,7,4,15,5,10,LWLWLLDLDDLWLWDLLLDWWWLDDDLWLLLWWWDLWD,2025-07-27 14:09:22.431640
798,140,2023,Mallorca,38,19,19,8,6,2,16,8,8,14,5,9,33,17,16,0.9,0.9,0.8,44,16,28,1.2,0.8,1.5,10,7,3,15,7,8,DLLDWLDDDLDLLDDWDWLDDLLWLDWLWDLLDLWDDW,2025-07-27 14:09:22.431711
543,140,2023,Real Betis,38,19,19,14,9,5,15,7,8,9,3,6,48,27,21,1.3,1.4,1.1,45,19,26,1.2,1.0,1.4,13,7,6,8,3,5,WDLWLDDWDDWWDWDDDDLWLWDWDWLLLLWWDWWDLD,2025-07-27 14:09:22.431770
546,140,2023,Getafe,38,19,19,10,8,2,13,5,8,15,6,9,42,20,22,1.1,1.1,1.2,54,22,32,1.4,1.2,1.7,10,7,3,15,7,8,DLWLWLDDDDDWDWLWWDLLWLDWDLDLWLDDWLLLLL,2025-07-27 14:09:22.431828
547,140,2023,Girona,38,19,19,25,15,10,6,2,4,7,2,5,85,53,32,2.2,2.8,1.7,46,20,26,1.2,1.1,1.4,12,8,4,7,3,4,DWWWWWWLWWWWWDWWWDWDWWDLLWLWLWLWWWDLWW,2025-07-27 14:09:22.431885
548,140,2023,Real Sociedad,38,19,19,16,8,8,12,6,6,10,5,5,51,26,25,1.3,1.4,1.3,39,20,19,1.0,1.1,1.0,15,7,8,10,6,4,DDDWLWWWLWDLWWDWDDDLWDDLWLLWWWDDLWLWWL,2025-07-27 14:09:22.431976
715,140,2023,Granada CF,38,19,19,4,4,0,9,6,3,25,9,16,38,24,14,1.0,1.3,0.7,79,32,47,2.1,1.7,2.5,3,3,0,16,5,11,LLWLLLDDDLLLDLLDLLWLLLDDDLLLLLWDWLLLLL,2025-07-27 14:09:22.432060
723,140,2023,Almeria,38,19,19,3,1,2,12,8,4,23,10,13,43,22,21,1.1,1.2,1.1,75,36,39,2.0,1.9,2.1,6,4,2,12,8,4,LLDLLDLDLLLLLLDLDLLDLLLDDDLDWLDLLWLLDW,2025-07-27 14:09:22.432139
724,140,2023,Cadiz,38,19,19,6,5,1,15,9,6,17,5,12,26,16,10,0.7,0.8,0.5,55,19,36,1.4,1.0,1.9,10,8,2,18,8,10,WLDWLDDLLLDLLDDDDDLLLDDLLDDWLWLLDLWWDL,2025-07-27 14:09:22.432216
727,140,2023,Osasuna,38,19,19,12,6,6,9,5,4,17,8,9,45,19,26,1.2,1.0,1.4,56,26,30,1.5,1.4,1.6,10,6,4,10,6,4,WLWLLDLWLWLLDLDDWLWWDLLWWDWLLWLLLLDDWD,2025-07-27 14:09:22.432293
728,140,2023,Rayo Vallecano,38,19,19,8,4,4,14,8,6,16,7,9,29,18,11,0.8,0.9,0.6,48,26,22,1.3,1.4,1.2,13,4,9,19,7,12,WWLLWDDDDWDDLDLDLLWLDLLLDLDLWDDWLLDWLL,2025-07-27 14:09:22.432369
