team_id,league_id,season,team_name,matches_played_total,matches_played_home,matches_played_away,wins_total,wins_home,wins_away,draws_total,draws_home,draws_away,losses_total,losses_home,losses_away,goals_for_total,goals_for_home,goals_for_away,goals_for_avg_total,goals_for_avg_home,goals_for_avg_away,goals_against_total,goals_against_home,goals_against_away,goals_against_avg_total,goals_against_avg_home,goals_against_avg_away,clean_sheets_total,clean_sheets_home,clean_sheets_away,failed_to_score_total,failed_to_score_home,failed_to_score_away,form,extracted_at
1606,253,2021,Real Salt Lake,37,17,20,15,9,6,7,4,3,15,4,11,57,30,27,1.5,1.8,1.4,57,21,36,1.5,1.2,1.8,8,4,4,7,2,5,WWLDDDWLDLWLDWDLLWWLLWLWWLWLWLWLLWDWL,2025-07-27 14:09:22.474237
1595,253,2021,Seattle Sounders,35,18,17,17,8,9,10,6,4,8,4,4,53,28,25,1.5,1.6,1.5,33,15,18,0.9,0.8,1.1,11,8,3,7,4,3,WDWWWWDDWWDDWLWLLDWWWLWLWWWWLDLLDDD,2025-07-27 14:09:22.474316
1596,253,2021,San Jose Earthquakes,34,17,17,10,5,5,11,5,6,13,7,6,46,25,21,1.4,1.5,1.2,54,24,30,1.6,1.4,1.8,5,3,2,9,4,5,LWWWLLLLDLLDDDDWDWDDWLDLWWLLLWDLWD,2025-07-27 14:09:22.474402
1597,253,2021,FC Dallas,34,17,17,7,5,2,12,7,5,15,5,10,47,25,22,1.4,1.5,1.3,56,21,35,1.6,1.2,2.1,4,4,0,10,4,6,DLWDLDLDLWDLLLWWDWLLDWLDDLLLDLDLWD,2025-07-27 14:09:22.474482
1598,253,2021,Orlando City SC,35,17,18,13,8,5,12,7,5,10,2,8,51,29,22,1.5,1.7,1.2,51,18,33,1.5,1.1,1.8,9,6,3,4,2,2,DDWDWWLWWWLLDWLWDDDWDWLLLLDWWDDLDWL,2025-07-27 14:09:22.474566
1599,253,2021,Philadelphia Union,37,20,17,15,12,3,13,4,9,9,4,5,51,28,23,1.4,1.4,1.4,38,13,25,1.0,0.7,1.5,13,10,3,4,2,2,DLLWDWWWDWDLDWLDDWLWDLLWWDWWDLWDWDWDL,2025-07-27 14:09:22.474649
1600,253,2021,Houston Dynamo,34,17,17,6,6,0,12,6,6,16,5,11,36,21,15,1.1,1.2,0.9,54,22,32,1.6,1.3,1.9,5,4,1,10,5,5,WLDDWLWLDDDDLDDDLLLLDLLWDWLDLWLLLL,2025-07-27 14:09:22.474759
1601,253,2021,Toronto FC,34,17,17,6,4,2,10,7,3,18,6,12,39,24,15,1.1,1.4,0.9,66,27,39,1.9,1.6,2.3,2,1,1,10,3,7,LDLWDLLLLLLWDDWDLDLLLLLLWDWWLLDDDL,2025-07-27 14:09:22.474872
1602,253,2021,New York Red Bulls,35,17,18,13,8,5,9,6,3,13,3,10,39,19,20,1.1,1.1,1.1,34,11,23,1.0,0.6,1.3,13,9,4,8,3,5,LLWWLLWWLDWDDLLDLLWLDLWDWDWWWWLWDDL,2025-07-27 14:09:22.474985
2242,253,2021,FC Cincinnati,34,17,17,4,1,3,8,5,3,22,11,11,37,17,20,1.1,1.0,1.2,74,29,45,2.2,1.7,2.6,6,3,3,13,7,6,DLLLWLLWWDDLDLDDDDLLLWLLLLLLLLLLLL,2025-07-27 14:09:22.475099
1604,253,2021,New York City FC,38,18,20,16,11,5,11,4,7,11,3,8,63,39,24,1.7,2.2,1.2,40,13,27,1.1,0.7,1.4,12,10,2,6,2,4,LWWDDLWLWWLLWWWDDWLWLLDWDLLDLDWWWDWDWD,2025-07-27 14:09:22.475218
1605,253,2021,Los Angeles Galaxy,34,17,17,13,8,5,9,5,4,12,4,8,50,29,21,1.5,1.7,1.2,54,22,32,1.6,1.3,1.9,5,3,2,7,1,6,WWLWWLWLWWLWLDLWWDWLLDDDLLLDWWDLDD,2025-07-27 14:09:22.475330
1603,253,2021,Vancouver Whitecaps,35,17,18,12,10,2,13,3,10,10,4,6,46,25,21,1.3,1.5,1.2,48,17,31,1.4,1.0,1.7,7,5,2,8,4,4,WDLWLLLLLDDLWDDDDDWWWWLDWDWLWWDWDDL,2025-07-27 14:09:22.475454
1607,253,2021,Chicago Fire,34,17,17,9,7,2,7,5,2,18,5,13,36,23,13,1.1,1.4,0.8,54,18,36,1.6,1.1,2.1,8,7,1,14,5,9,DLLLLWLLLDWWLDLDDWWLLWLLLLDWLDWWLL,2025-07-27 14:09:22.475544
1608,253,2021,Atlanta United FC,35,17,18,13,9,4,12,5,7,10,3,7,45,25,20,1.3,1.5,1.1,39,14,25,1.1,0.8,1.4,10,7,3,10,4,6,DWLDWDDDLDLDLDLLDWWWWLWWWLWLWDWDDWL,2025-07-27 14:09:22.475627
1609,253,2021,New England Revolution,35,18,17,22,12,10,8,4,4,5,2,3,67,33,34,1.9,1.8,2.0,43,20,23,1.2,1.1,1.4,8,4,4,4,2,2,DWWLDWWWWWLDLWWWWDWWWWLWWDWWWDWDWLD,2025-07-27 14:09:22.475710
1610,253,2021,Colorado Rapids,35,18,17,17,9,8,10,7,3,8,2,6,51,31,20,1.5,1.7,1.2,36,15,21,1.0,0.8,1.2,13,7,6,7,3,4,DLWWWLWWLDWDWLWDWWWDWDDDDWLWLDWLWWL,2025-07-27 14:09:22.475793
1611,253,2021,Sporting Kansas City,36,19,17,18,10,8,7,5,2,11,4,7,62,36,26,1.7,1.9,1.5,43,20,23,1.2,1.1,1.4,8,4,4,5,1,4,WDLWLWWWDLWWWDWLWDWDDDLWWLWWLWWLLLWL,2025-07-27 14:09:22.475875
1612,253,2021,Minnesota United FC,35,17,18,13,10,3,10,3,7,12,4,8,43,24,19,1.2,1.4,1.1,47,14,33,1.3,0.8,1.8,11,8,3,8,3,5,LLLLWWDDWWDLWWDDWLDDWLLWWLDLWWDLWDL,2025-07-27 14:09:22.475955
1613,253,2021,Columbus Crew,34,17,17,13,10,3,8,3,5,13,4,9,46,33,13,1.4,1.9,0.8,45,22,23,1.3,1.3,1.4,8,5,3,11,2,9,DDWLLWWWLDDDWDWLLLLLLWLLWDWLWDLWWW,2025-07-27 14:09:22.476035
1614,253,2021,CF Montreal,34,17,17,12,9,3,10,4,6,12,4,8,46,29,17,1.4,1.7,1.0,44,23,21,1.3,1.4,1.2,8,5,3,9,4,5,WDDLWLLWDDWWWLLLDLWDDWLWWLLWDDDLWL,2025-07-27 14:09:22.476119
1615,253,2021,DC United,34,17,17,14,11,3,5,1,4,15,5,10,56,32,24,1.6,1.9,1.4,54,17,37,1.6,1.0,2.2,9,6,3,7,3,4,WLLLWLLWWDLWLDWDWWLLLWDWLWWLDLLWLW,2025-07-27 14:09:22.476198
1616,253,2021,Los Angeles FC,34,17,17,12,8,4,9,6,3,13,3,10,53,34,19,1.6,2.0,1.1,51,23,28,1.5,1.4,1.6,6,4,2,3,0,3,WDDLLWLDWLWWWLDDLLLLDWWWLLLDWWDWDL,2025-07-27 14:09:22.476281
1617,253,2021,Portland Timbers,38,20,18,20,13,7,5,3,2,13,4,9,63,41,22,1.7,2.1,1.2,54,24,30,1.4,1.2,1.7,11,6,5,4,1,3,LWLLWWLWDLLWWLLDWLDLWWWDWWWWLLLWWWWWWD,2025-07-27 14:09:22.476363
9568,253,2021,Inter Miami,34,17,17,12,7,5,5,2,3,17,8,9,36,26,10,1.1,1.5,0.6,53,35,18,1.6,2.1,1.1,7,2,5,14,4,10,LWDDLWLLLLLLDWDWLWWDWWWLLLLLLWWLLW,2025-07-27 14:09:22.476440
9569,253,2021,Nashville SC,36,18,18,13,9,4,19,9,10,4,0,4,59,38,21,1.6,2.1,1.2,35,19,16,1.0,1.1,0.9,13,5,8,9,1,8,DDDWDWDLWDWDWDWDDLWDWWWLWDDDDDLWDDWD,2025-07-27 14:09:22.476521
16489,253,2021,Austin,34,17,17,9,7,2,4,2,2,21,8,13,35,27,8,1.0,1.6,0.5,56,25,31,1.6,1.5,1.8,5,3,2,17,6,11,LWWLLLDDDLDWLLLWLLLWLLLLLWLWLLWLWL,2025-07-27 14:09:22.476601
