team_id,league_id,season,team_name,matches_played_total,matches_played_home,matches_played_away,wins_total,wins_home,wins_away,draws_total,draws_home,draws_away,losses_total,losses_home,losses_away,goals_for_total,goals_for_home,goals_for_away,goals_for_avg_total,goals_for_avg_home,goals_for_avg_away,goals_against_total,goals_against_home,goals_against_away,goals_against_avg_total,goals_against_avg_home,goals_against_avg_away,clean_sheets_total,clean_sheets_home,clean_sheets_away,failed_to_score_total,failed_to_score_home,failed_to_score_away,form,extracted_at
15130,94,2022,Estrela,2,1,1,1,1,0,0,0,0,1,0,1,3,2,1,1.5,2.0,1.0,3,1,2,1.5,1.0,2.0,0,0,0,0,0,0,WL,2025-07-27 14:09:22.467817
810,94,2022,Vizela,34,17,17,11,5,6,7,4,3,16,8,8,34,18,16,1.0,1.1,0.9,38,19,19,1.1,1.1,1.1,11,5,6,13,8,5,WLDDLLLWWLDLWWLWLWLDDLWLWWWDLLLDLL,2025-07-27 14:09:22.467896
211,94,2022,Benfica,34,17,17,28,15,13,3,1,2,3,1,2,82,48,34,2.4,2.8,2.0,20,12,8,0.6,0.7,0.5,21,9,12,3,0,3,WWWWWWWDWWWWWLWDWWWWWWWWWWLLWWWWDW,2025-07-27 14:09:22.467993
212,94,2022,FC Porto,34,17,17,27,15,12,4,0,4,3,2,1,73,44,29,2.1,2.6,1.7,22,11,11,0.6,0.6,0.6,17,8,9,3,1,2,WWWLWWDWWLDWWWDWWWWWWLWWDWWWWWWWWW,2025-07-27 14:09:22.468071
214,94,2022,Maritimo,36,18,18,8,7,1,5,3,2,23,8,15,35,23,12,1.0,1.3,0.7,66,24,42,1.8,1.3,2.3,5,4,1,11,4,7,LLLLLLLLDDWDLDWLWLLLLWLLLWLWLLDLWLLW,2025-07-27 14:09:22.468148
216,94,2022,Portimonense,34,17,17,10,6,4,4,3,1,20,8,12,25,14,11,0.7,0.8,0.6,48,21,27,1.4,1.2,1.6,8,5,3,16,6,10,LWWWWLWLLLDWLLLDLLWLWLLLLLDWWLDLLL,2025-07-27 14:09:22.468224
217,94,2022,SC Braga,34,17,17,25,13,12,3,2,1,6,2,4,75,40,35,2.2,2.4,2.1,30,11,19,0.9,0.6,1.1,17,10,7,5,3,2,DWWWWWWLLWWLWWWWWLWWWLWWDWWWWWLWDW,2025-07-27 14:09:22.468302
222,94,2022,Boavista,34,17,17,12,8,4,8,6,2,14,3,11,43,23,20,1.3,1.4,1.2,54,21,33,1.6,1.2,1.9,6,5,1,9,3,6,WWLLWWWLDLDLLWLDWDLDLWDLLLWDWLWLDW,2025-07-27 14:09:22.468385
223,94,2022,Chaves,34,17,17,12,6,6,10,5,5,12,6,6,35,20,15,1.0,1.2,0.9,40,21,19,1.2,1.2,1.1,10,5,5,10,3,7,LWDWDLLDWWLDWLDDDLWDLLLWWLDWDWWWLL,2025-07-27 14:09:22.468462
224,94,2022,Guimaraes,34,17,17,16,10,6,5,3,2,13,4,9,34,18,16,1.0,1.1,0.9,39,12,27,1.1,0.7,1.6,14,9,5,12,7,5,WWLLLWDDWWWLWLDLLWWWDWWLLDLLLWWWWL,2025-07-27 14:09:22.468541
226,94,2022,Rio Ave,34,17,17,10,8,2,10,3,7,14,6,8,36,18,18,1.1,1.1,1.1,43,14,29,1.3,0.8,1.7,10,6,4,11,5,6,LLDWDLDWLWLWWDDLDLLWLWLWWLDDLWDLLD,2025-07-27 14:09:22.468618
227,94,2022,Santa Clara,34,17,17,5,4,1,7,5,2,22,8,14,26,18,8,0.8,1.1,0.5,58,29,29,1.7,1.7,1.7,5,2,3,16,5,11,DLLLWLDLLWDDWLLDLLDLLLLLLLLLDLWLWL,2025-07-27 14:09:22.468697
228,94,2022,Sporting CP,34,17,17,23,13,10,5,2,3,6,2,4,71,42,29,2.1,2.5,1.7,32,12,20,0.9,0.7,1.2,14,8,6,5,1,4,DWLLWWLWWWLWWWLDWWWLWWWWWDWDWWWWDW,2025-07-27 14:09:22.468776
230,94,2022,Estoril,34,17,17,10,7,3,5,2,3,19,8,11,33,20,13,1.0,1.2,0.8,49,24,25,1.4,1.4,1.5,8,5,3,14,6,8,WLDWLWDDWLDLLLWLLLWLLLLLLWLLLWLWDW,2025-07-27 14:09:22.468858
234,94,2022,Pacos Ferreira,34,17,17,6,3,3,5,2,3,23,12,11,26,13,13,0.8,0.8,0.8,62,33,29,1.8,1.9,1.7,3,1,2,16,8,8,LLLLLLDDLLLLLLDWLLWLWLLWDDLLLWLLWL,2025-07-27 14:09:22.468943
4716,94,2022,Casa Pia,34,17,17,11,6,5,8,5,3,15,6,9,31,18,13,0.9,1.1,0.8,40,17,23,1.2,1.0,1.4,11,7,4,14,6,8,DLWWDWWWLLWWLWDLLWLDDLWLWLLDLLDLDL,2025-07-27 14:09:22.469021
240,94,2022,Arouca,34,17,17,15,10,5,9,2,7,10,5,5,36,22,14,1.1,1.3,0.8,37,17,20,1.1,1.0,1.2,15,9,6,10,4,6,LWWLDLDDWDWWLLWDWLDWLWDWDWWDWLLLWW,2025-07-27 14:09:22.469102
242,94,2022,Famalicao,34,17,17,13,9,4,5,1,4,16,7,9,39,21,18,1.1,1.2,1.1,47,19,28,1.4,1.1,1.6,10,6,4,12,5,7,LLDWLLLWLWLDLWWLDWLLWWLWWLWWWLLDLD,2025-07-27 14:09:22.469179
762,94,2022,GIL Vicente,34,17,17,10,6,4,7,6,1,17,5,12,32,15,17,0.9,0.9,1.0,41,14,27,1.2,0.8,1.6,8,7,1,13,7,6,WLDDLWDLLLLLLWLWWLDWDWWLLDDLLLLWLW,2025-07-27 14:09:22.469256
